-4.518799111247062683e-02
-2.496437132358551025e-01
2.320271134376525879e-01
3.340765535831451416e-01
2.573623657226562500e-01
2.497995346784591675e-01
-3.136518895626068115e-01
-2.996818721294403076e-01
8.402780443429946899e-02
8.277291059494018555e-02
1.716729700565338135e-01
1.654471457004547119e-01
3.714492544531822205e-02
-4.850583374500274658e-01
1.825319975614547729e-01
4.069996774196624756e-01
-3.228257894515991211e-01
2.452415674924850464e-01
-2.987962067127227783e-01
-7.274907082319259644e-02
-1.874751150608062744e-01
-3.933767974376678467e-01
-2.961868047714233398e-01
-4.265000298619270325e-02
6.820622831583023071e-02
-2.429598867893218994e-01
-3.072676956653594971e-01
-4.433634877204895020e-01
7.262679934501647949e-02
4.132537245750427246e-01
9.767640382051467896e-02
-8.377190679311752319e-02
-3.189697861671447754e-01
-2.738267481327056885e-01
1.911864429712295532e-01
3.955324888229370117e-01
-1.320327222347259521e-01
-3.529290854930877686e-02
-2.417774312198162079e-02
1.143567338585853577e-01
-2.468704432249069214e-01
-8.672199398279190063e-02
1.521636247634887695e-01
7.047576457262039185e-02
2.051501721143722534e-02
-4.161264747381210327e-02
-5.506674572825431824e-02
-2.312522828578948975e-01
-3.170641660690307617e-01
-7.573829591274261475e-02
2.592009603977203369e-01
-1.223033964633941650e-01
-4.193260669708251953e-01
-8.269435912370681763e-02
-2.103657275438308716e-01
1.144567057490348816e-01
2.290925383567810059e-01
-1.029656305909156799e-01
-2.167631387710571289e-01
-3.535976111888885498e-01
-3.219420015811920166e-01
-2.548554837703704834e-01
-2.785940766334533691e-01
-2.745432220399379730e-02
8.946411311626434326e-02
2.913160622119903564e-01
1.695159077644348145e-01
3.037236034870147705e-01
-2.439141124486923218e-01
-5.461843684315681458e-03
3.450576066970825195e-01
-1.100765988230705261e-01
2.279828935861587524e-01
1.142116039991378784e-01
2.545076906681060791e-01
-2.930623292922973633e-01
4.110544025897979736e-01
-6.926549971103668213e-02
-1.201873272657394409e-01
1.363735944032669067e-01
3.199843466281890869e-01
3.469640016555786133e-02
-2.204540669918060303e-01
-4.797721505165100098e-01
-1.280176732689142227e-02
-3.796113729476928711e-01
-3.190813958644866943e-01
2.429337203502655029e-01
2.575814425945281982e-01
1.963926404714584351e-01
-2.789819240570068359e-01
-3.454228043556213379e-01
-2.129050642251968384e-01
-3.975776135921478271e-01
3.214381635189056396e-01
1.852832436561584473e-01
-2.536150515079498291e-01
-2.080636620521545410e-01
-4.013317227363586426e-01
1.590594649314880371e-01
-6.464273482561111450e-02
2.032192200422286987e-01
-2.991087436676025391e-01
3.423718214035034180e-01
3.454254865646362305e-01
1.102222427725791931e-01
4.470364153385162354e-01
1.783313155174255371e-01
-5.340637266635894775e-02
1.516293585300445557e-01
4.770105704665184021e-02
1.846358180046081543e-02
-2.647823393344879150e-01
-9.820177406072616577e-02
3.453387618064880371e-01
3.104470074176788330e-01
-4.446250200271606445e-01
-3.571454808115959167e-02
-5.814369395375251770e-02
2.879441678524017334e-01
8.523984998464584351e-02
-1.340452115982770920e-02
3.603746592998504639e-01
2.967835664749145508e-01
-2.985118627548217773e-01
-1.188363581895828247e-01
-3.688011169433593750e-01
-2.255829125642776489e-01
1.673771739006042480e-01
-2.475216686725616455e-01
1.621522009372711182e-01
1.455347985029220581e-01
1.875585615634918213e-01
1.805011183023452759e-01
-3.015371263027191162e-01
-2.431095093488693237e-01
-2.520334720611572266e-01
3.708200156688690186e-02
-2.132318913936614990e-01
-1.187004595994949341e-01
-1.454740762710571289e-03
-2.824842929840087891e-01
9.196296334266662598e-02
3.125281929969787598e-01
-1.576379835605621338e-01
-2.566280364990234375e-01
2.864222526550292969e-01
-2.854289487004280090e-02
-3.012094199657440186e-01
2.517140805721282959e-01
5.376009270548820496e-02
1.168856471776962280e-01
-1.439241319894790649e-01
-2.947098910808563232e-01
-5.253161862492561340e-02
1.581868827342987061e-01
-2.628645300865173340e-01
-3.780806958675384521e-01
2.124405950307846069e-01
2.226343154907226562e-01
-4.931629821658134460e-02
2.544008195400238037e-01
-1.485193967819213867e-01
1.810169368982315063e-01
3.286301344633102417e-02
-2.683812379837036133e-01
-1.622942686080932617e-01
-1.510192453861236572e-01
-5.195601843297481537e-03
1.123421117663383484e-01
-3.904755711555480957e-01
2.371822893619537354e-01
2.129632085561752319e-01
1.106878295540809631e-01
-2.219716161489486694e-01
-3.849546238780021667e-02
-2.917813956737518311e-01
-2.708384990692138672e-01
1.506452113389968872e-01
2.162054926156997681e-01
1.183335110545158386e-01
2.956783473491668701e-01
1.240295097231864929e-01
-1.889566779136657715e-01
1.076749637722969055e-01
3.695614933967590332e-01
1.974029392004013062e-01
-5.387923866510391235e-02
-2.285947054624557495e-01
-2.439046502113342285e-01
1.217470988631248474e-01
-1.344649046659469604e-01
2.500500082969665527e-01
1.335694044828414917e-01
-2.354894280433654785e-01
2.651340365409851074e-01
2.903957664966583252e-01
5.141277611255645752e-02
2.571058459579944611e-02
-2.346288412809371948e-01
-5.190717056393623352e-02
1.419100314378738403e-01
-9.244821965694427490e-02
-2.496197819709777832e-01
4.705033004283905029e-01
1.460658311843872070e-01
-2.555845677852630615e-01
1.040233299136161804e-02
-2.904576659202575684e-01
4.553873836994171143e-02
2.094691097736358643e-01
-4.439764916896820068e-01
-1.042436808347702026e-01
-3.452752903103828430e-02
-6.900403648614883423e-02
-3.147442042827606201e-01
-2.563278377056121826e-01
7.901441305875778198e-03
-2.989946305751800537e-01
2.150752693414688110e-01
2.841537892818450928e-01
1.898318231105804443e-01
2.453885376453399658e-01
-9.524612128734588623e-02
1.147369891405105591e-01
5.230521317571401596e-03
-3.498284816741943359e-01
-2.538549005985260010e-01
-2.972739748656749725e-02
1.520643979310989380e-01
3.024878203868865967e-01
-3.183678388595581055e-01
-3.272577822208404541e-01
2.285188436508178711e-01
8.903102949261665344e-03
-5.759785696864128113e-02
1.148812547326087952e-01
3.734872117638587952e-02
-2.076533138751983643e-01
3.283847570419311523e-01
-2.827947139739990234e-01
-1.195769384503364563e-01
-1.066666319966316223e-01
1.423526555299758911e-01
-1.109316125512123108e-01
1.737224906682968140e-01
1.430322527885437012e-01
-3.063497543334960938e-01
3.795522451400756836e-01
-2.845184206962585449e-01
-2.259123921394348145e-01
3.579325675964355469e-01
-6.261634826660156250e-02
2.516196966171264648e-01
4.391379058361053467e-01
2.690139710903167725e-01
2.788940668106079102e-01
7.596749812364578247e-02
-4.611576199531555176e-01
-2.623706161975860596e-01
-3.542585372924804688e-01
-1.895110905170440674e-01
1.573346704244613647e-01
-5.163573473691940308e-02
2.741545736789703369e-01
-1.802452504634857178e-01
5.025052651762962341e-02
-1.845195293426513672e-01
3.963426053524017334e-01
-1.114366725087165833e-01
2.976693511009216309e-01
1.393049838952720165e-03
7.282446324825286865e-02
-2.383191697299480438e-02
3.252823650836944580e-01
-3.836862444877624512e-01
-4.227508902549743652e-01
1.691331565380096436e-01
8.812768757343292236e-02
-1.885138601064682007e-01
3.524669408798217773e-01
-1.311035752296447754e-01
1.166279520839452744e-02
2.541074454784393311e-01
-1.072185710072517395e-01
2.587807178497314453e-02
1.907336711883544922e-01
-1.169545501470565796e-01
2.040871083736419678e-01
1.300019472837448120e-01
1.671560108661651611e-01
9.897340089082717896e-02
-2.772837579250335693e-01
-3.025743924081325531e-02
2.016100659966468811e-02
-2.407324910163879395e-01
1.038473471999168396e-01
-1.680123507976531982e-01
-9.455737471580505371e-02
1.732249110937118530e-01
-3.271003365516662598e-01
-1.712265610694885254e-01
9.110745042562484741e-03
3.038021922111511230e-01
3.223739862442016602e-01
-2.946545183658599854e-01
9.410100430250167847e-02
6.757891178131103516e-02
-2.710331380367279053e-01
1.718068271875381470e-01
-2.240094244480133057e-01
1.149554699659347534e-01
2.152650654315948486e-01
-6.621713936328887939e-02
3.748660683631896973e-01
-2.806324362754821777e-01
2.578838467597961426e-01
-1.983886510133743286e-01
2.868148982524871826e-01
2.430005967617034912e-01
-2.167241871356964111e-01
1.209265440702438354e-01
1.272376924753189087e-01
-2.296431660652160645e-01
1.909234821796417236e-01
-2.585121616721153259e-02
-4.397608712315559387e-02
1.416005045175552368e-01
-3.219329118728637695e-01
-1.392786353826522827e-01
-1.722172647714614868e-01
-9.344921261072158813e-02
-3.881998956203460693e-01
-4.976098537445068359e-01
2.964444160461425781e-01
-2.498781681060791016e-02
1.872518360614776611e-01
-3.163021206855773926e-01
3.326760232448577881e-01
-1.398954987525939941e-01
1.132945716381072998e-01
-5.892997384071350098e-01
-2.759059965610504150e-01
5.649458244442939758e-02
4.721825122833251953e-01
-2.174373567104339600e-01
-1.994177550077438354e-01
9.221623651683330536e-03
-1.280423104763031006e-01
3.119085133075714111e-01
1.098323017358779907e-01
-3.611812889575958252e-01
3.034139983355998993e-02
1.230726242065429688e-01
-4.488503932952880859e-01
2.630473673343658447e-01
-2.662978768348693848e-01
-4.589858278632164001e-02
-1.290316414088010788e-02
-2.823116257786750793e-02
1.042205542325973511e-01
-2.476075589656829834e-01
5.299156904220581055e-01
-2.231813520193099976e-01
2.592045664787292480e-01
-1.103291735053062439e-01
-5.815481022000312805e-02
4.820165783166885376e-02
9.549400210380554199e-02
3.280126750469207764e-01
-2.141857296228408813e-01
-1.667900681495666504e-01
1.957438737154006958e-01
-2.635733485221862793e-01
1.287691742181777954e-01
-8.465837687253952026e-02
3.337721526622772217e-01
2.404427379369735718e-01
2.287414371967315674e-01
-1.165266111493110657e-01
2.483438104391098022e-01
-4.486720543354749680e-03
3.500237464904785156e-01
-1.004896536469459534e-01
1.108952332288026810e-02
8.882926404476165771e-02
-3.554156720638275146e-01
1.983490437269210815e-01
-1.169127225875854492e-02
2.816745340824127197e-01
-1.293703913688659668e-01
1.319900155067443848e-01
1.265117079019546509e-01
3.865825012326240540e-02
-4.059897661209106445e-01
3.140993118286132812e-01
9.944111108779907227e-02
-8.771988004446029663e-02
-1.462174654006958008e-01
1.814287155866622925e-01
-1.409295350313186646e-01
2.209656834602355957e-01
-5.587677359580993652e-01
1.966548562049865723e-01
3.407438397407531738e-01
-1.063657999038696289e-01
2.045699208974838257e-01
-2.165078818798065186e-01
7.409231364727020264e-02
5.842026323080062866e-02
-1.849915683269500732e-01
8.021656540222465992e-04
-2.089083045721054077e-01
-3.066895306110382080e-01
-1.706280261278152466e-01
-1.811810880899429321e-01
3.182404041290283203e-01
-6.255926936864852905e-02
1.127346605062484741e-02
-1.213697195053100586e-01
1.745214462280273438e-01
-1.766458004713058472e-01
9.639722108840942383e-02
-2.169201076030731201e-01
-3.855006769299507141e-02
1.217170283198356628e-01
5.841679498553276062e-02
-8.517698198556900024e-02
2.917280793190002441e-01
3.825808465480804443e-01
1.473539173603057861e-01
-2.935058772563934326e-01
-1.943236961960792542e-02
-3.102196007966995239e-02
2.759870290756225586e-01
-2.262613624334335327e-01
-8.614974468946456909e-02
-9.490453451871871948e-02
2.139338999986648560e-01
2.622425556182861328e-01
2.872153520584106445e-01
3.655319213867187500e-01
8.951703086495399475e-03
-2.896541655063629150e-01
3.243809640407562256e-01
2.809551954269409180e-01
-1.624347716569900513e-01
3.435814678668975830e-01
2.796849310398101807e-01
9.139490127563476562e-02
-5.823355913162231445e-02
2.368230074644088745e-01
7.132227718830108643e-02
3.390226960182189941e-01
3.014192171394824982e-02
2.215711176395416260e-01
5.022187158465385437e-02
2.825840711593627930e-01
-4.734050929546356201e-01
1.792691200971603394e-01
-1.006521508097648621e-01
-2.329781800508499146e-01
-9.919039160013198853e-02
-1.819857656955718994e-01
4.705655947327613831e-02
-2.854910790920257568e-01
-4.682155847549438477e-01
-8.045887947082519531e-02
4.154362976551055908e-01
1.234948560595512390e-01
-1.366338729858398438e-01
-2.692528963088989258e-01
-1.114429458975791931e-01
-4.334426671266555786e-02
2.618109881877899170e-01
2.940538525581359863e-01
3.097726702690124512e-01
-3.174360692501068115e-01
2.074196189641952515e-01
2.789676785469055176e-01
3.979019820690155029e-01
-5.658188089728355408e-02
-3.473912179470062256e-02
-5.886081606149673462e-02
2.378365248441696167e-01
-4.488463513553142548e-03
-3.225060403347015381e-01
9.819681197404861450e-02
-2.246212661266326904e-01
7.193553447723388672e-02
-6.971528530120849609e-01
2.266379743814468384e-01
3.182780742645263672e-01
-4.127951264381408691e-01
-8.658764511346817017e-02
1.365540027618408203e-01
1.337428092956542969e-01
-3.219890296459197998e-01
-1.408811807632446289e-01
-3.191912174224853516e-01
-3.778367536142468452e-03
-2.815741300582885742e-01
4.309402406215667725e-01
-2.999508976936340332e-01
4.538486003875732422e-01
3.885491564869880676e-02
2.071063816547393799e-01
1.231776177883148193e-01
-9.172254800796508789e-02
-2.279029339551925659e-01
2.574094831943511963e-01
5.490800365805625916e-03
2.492718845605850220e-01
8.904790878295898438e-02
1.294561773538589478e-01
1.387396901845932007e-01
-3.071022965013980865e-02
-4.558520615100860596e-01
-3.934202343225479126e-02
3.152695894241333008e-01
-1.675273329019546509e-01
-1.841696649789810181e-01
-2.037473022937774658e-01
-2.983387410640716553e-01
7.266793400049209595e-02
-2.447750717401504517e-01
2.184828370809555054e-01
2.442574948072433472e-01
-3.739235922694206238e-02
-1.636105775833129883e-01
3.117827773094177246e-01
2.406454980373382568e-01
-9.803449362516403198e-02
1.772551387548446655e-01
-3.235953748226165771e-01
3.434685468673706055e-01
2.247161716222763062e-01
9.977738559246063232e-02
-2.318750768899917603e-01
-4.913541674613952637e-02
-2.977001667022705078e-01
-4.345191419124603271e-01
1.277931779623031616e-01
-5.012933909893035889e-02
1.740584224462509155e-01
3.534738719463348389e-01
2.205942422151565552e-01
-2.839985787868499756e-01
2.979563362896442413e-02
-1.425375789403915405e-01
-1.593771278858184814e-01
2.461861371994018555e-01
-1.160963326692581177e-01
2.923265695571899414e-01
-1.103636547923088074e-01
-3.270257711410522461e-01
2.165959328413009644e-01
-1.684148758649826050e-01
2.345702797174453735e-01
2.810981273651123047e-01
3.142063319683074951e-01
1.202737838029861450e-01
3.060401603579521179e-02
-2.124017924070358276e-01
2.863625586032867432e-01
-1.353200525045394897e-01
8.847703784704208374e-02
6.703060865402221680e-02
3.501490652561187744e-01
2.814353704452514648e-01
-3.505260050296783447e-01
3.799479901790618896e-01
-1.683663278818130493e-01
-1.405947804450988770e-01
-3.447863161563873291e-01
-1.997320204973220825e-01
-3.085160851478576660e-01
2.132778428494930267e-02
1.337973922491073608e-01
3.772400319576263428e-01
-9.967497736215591431e-02
-4.148391187191009521e-01
3.495035469532012939e-01
1.159998401999473572e-01
-1.918360143899917603e-01
1.554797887802124023e-01
-1.974928528070449829e-01
-7.215192168951034546e-02
2.912596166133880615e-01
3.960791602730751038e-02
-1.300713419914245605e-01
4.031050205230712891e-01
2.041488699615001678e-02
8.244910836219787598e-02
3.824158012866973877e-01
1.834873259067535400e-01
3.021957576274871826e-01
3.612299561500549316e-01
-1.611011773347854614e-01
-6.186837330460548401e-02
1.861068755388259888e-01
-7.575640082359313965e-02
3.592368215322494507e-02
1.903997920453548431e-02
-2.067850530147552490e-01
-4.334319531917572021e-01
-2.323920726776123047e-01
-3.570383191108703613e-01
-2.775429189205169678e-01
3.509289920330047607e-01
7.606779783964157104e-02
-1.661802083253860474e-01
3.191846013069152832e-01
3.300229907035827637e-01
-1.614822745323181152e-01
-2.570235133171081543e-01
5.149558559060096741e-02
1.981520205736160278e-01
4.113188087940216064e-01
-7.321347296237945557e-02
3.546334505081176758e-01
2.276833206415176392e-01
-3.289453089237213135e-01
-2.484356984496116638e-02
-3.194524347782135010e-01
-1.615150868892669678e-01
1.346975862979888916e-01
-1.565312296152114868e-01
1.151848137378692627e-01
8.357177674770355225e-02
-2.501048147678375244e-01
5.817725509405136108e-02
1.267963647842407227e-01
1.387854516506195068e-01
3.144838660955429077e-02
3.073542118072509766e-01
-3.018449842929840088e-01
-3.491446077823638916e-01
-1.919356584548950195e-01
-5.220367759466171265e-02
1.445345431566238403e-01
1.956477165222167969e-01
2.829372882843017578e-01
-4.158383011817932129e-01
-3.100106259807944298e-04
3.078669011592864990e-01
9.919907897710800171e-02
9.720816463232040405e-02
2.373868674039840698e-01
-3.383876979351043701e-01
6.537260115146636963e-02
6.091692019253969193e-03
-4.659743309020996094e-01
3.211069107055664062e-01
-3.734069690108299255e-02
-2.015459835529327393e-01
-3.192375600337982178e-01
-9.355008602142333984e-02
4.270581603050231934e-01
-2.785632573068141937e-02
-3.785052299499511719e-01
-3.187196552753448486e-01
1.264315843582153320e-01
-1.207924783229827881e-01
1.498704850673675537e-01
3.279024735093116760e-02
1.432721316814422607e-01
-2.259250432252883911e-01
1.533850580453872681e-01
2.793299555778503418e-01
-3.399750590324401855e-01
2.182013243436813354e-01
-1.297350674867630005e-01
-9.394361078739166260e-02
-4.509109556674957275e-01
-1.320698559284210205e-01
3.238915205001831055e-01
-2.432166635990142822e-01
-1.707761585712432861e-01
-1.997789293527603149e-01
3.348276019096374512e-02
-3.478459119796752930e-01
2.343119382858276367e-01
3.078193962574005127e-01
-2.733736932277679443e-01
2.474241405725479126e-01
-1.377130150794982910e-01
-3.305575549602508545e-01
2.716804444789886475e-01
-8.571419864892959595e-03
2.639798521995544434e-01
-1.411902159452438354e-01
3.749652802944183350e-01
9.510084986686706543e-02
6.518830358982086182e-02
2.416046410799026489e-01
1.276378333568572998e-01
7.274989038705825806e-02
-1.369186043739318848e-01
3.895162343978881836e-01
1.489053815603256226e-01
-2.016899734735488892e-01
8.839358389377593994e-02
3.479776978492736816e-01
3.034153282642364502e-01
3.183858692646026611e-01
2.748903036117553711e-01
-9.185639210045337677e-03
1.924778521060943604e-01
4.246954023838043213e-01
-4.697093367576599121e-01
-1.149717718362808228e-01
-2.319177091121673584e-01
1.855639368295669556e-02
3.697797283530235291e-02
-2.215310335159301758e-01
-3.141767680644989014e-01
1.543841809034347534e-01
2.230295985937118530e-01
-5.007397010922431946e-02
2.503353655338287354e-01
-4.747908562421798706e-02
1.108442433178424835e-02
2.576401829719543457e-01
3.181601408869028091e-03
-3.709135353565216064e-01
1.946705430746078491e-01
1.597775816917419434e-01
-1.657755970954895020e-01
-3.280977904796600342e-01
-3.191860020160675049e-01
-1.448679119348526001e-01
2.957248091697692871e-01
2.378892004489898682e-01
3.447222337126731873e-02
4.206806421279907227e-01
-1.194695569574832916e-02
-2.208380103111267090e-01
8.213117718696594238e-02
2.427957765758037567e-02
1.770960390567779541e-01
-3.344703614711761475e-01
-2.843225598335266113e-01
2.882944047451019287e-01
-3.316549360752105713e-01
-4.687967598438262939e-01
-4.515061378479003906e-01
-9.080506861209869385e-03
-3.690122365951538086e-01
3.424599170684814453e-01
-3.084534406661987305e-01
-3.854313492774963379e-01
7.483763247728347778e-02
1.007385700941085815e-01
-2.432907521724700928e-01
1.111023053526878357e-01
1.690464764833450317e-01
-2.522791326045989990e-01
-1.025366783142089844e-01
-2.485108971595764160e-01
-3.796170651912689209e-01
-2.159738242626190186e-01
-1.442175060510635376e-01
4.001450836658477783e-01
2.255139201879501343e-01
2.037558406591415405e-01
-2.677055075764656067e-02
-1.469602882862091064e-01
3.719733655452728271e-01
1.516611874103546143e-01
3.074233829975128174e-01
2.586403787136077881e-01
-1.067121401429176331e-01
-3.354465961456298828e-01
-5.254086852073669434e-01
1.489069163799285889e-01
1.286311149597167969e-01
-2.348122000694274902e-01
1.506076902151107788e-01
9.830404072999954224e-03
-1.720544695854187012e-02
1.587602496147155762e-01
-9.237636625766754150e-02
-5.859814118593931198e-03
1.323817372322082520e-01
1.706730201840400696e-02
-3.555079102516174316e-01
-3.341507017612457275e-01
3.047345578670501709e-01
1.590100228786468506e-01
-2.808544784784317017e-02
3.628520071506500244e-01
-3.202765285968780518e-01
1.204495057463645935e-01
-3.405090570449829102e-01
1.498528663069009781e-02
3.555499017238616943e-01
-1.222964935004711151e-02
-1.950775533914566040e-01
3.504388928413391113e-01
-9.644440375268459320e-03
3.943321853876113892e-02
-1.512677967548370361e-01
2.394334645941853523e-03
2.973059415817260742e-01
-5.980851873755455017e-02
-2.229135930538177490e-01
-2.562018930912017822e-01
7.059011608362197876e-03
-1.928531974554061890e-01
-4.671324789524078369e-01
-2.772019505500793457e-01
-2.960094213485717773e-01
-2.080013900995254517e-01
-3.148314058780670166e-01
-2.100689411163330078e-01
-1.477722227573394775e-01
2.888911664485931396e-01
1.216745674610137939e-01
3.225747644901275635e-01
2.983560040593147278e-02
2.106656134128570557e-01
1.204269006848335266e-01
-2.371510267257690430e-01
-2.749895751476287842e-01
1.250527352094650269e-01
-1.858898401260375977e-01
-2.348980307579040527e-01
-2.432731240987777710e-01
-2.080076634883880615e-01
1.690395623445510864e-01
1.976535283029079437e-02
3.819891810417175293e-02
2.604120075702667236e-01
3.302078545093536377e-01
1.962118744850158691e-01
-4.046858549118041992e-01
-4.154810309410095215e-01
8.618796616792678833e-02
1.568714082241058350e-01
-2.572657167911529541e-01
-2.888929843902587891e-01
-3.327332139015197754e-01
2.237098067998886108e-01
-2.413429915904998779e-01
2.140589207410812378e-01
3.366668224334716797e-01
-1.634906977415084839e-01
-3.356654644012451172e-01
2.114155292510986328e-01
-3.805017173290252686e-01
1.271813809871673584e-01
3.391275107860565186e-01
1.186717674136161804e-01
-2.208413630723953247e-01
-1.134058460593223572e-02
-4.300943911075592041e-01
2.266471385955810547e-01
-1.073294803500175476e-01
1.989943236112594604e-01
4.942211508750915527e-02
-1.557306796312332153e-01
-1.693466454744338989e-01
-2.397267073392868042e-01
-3.398334085941314697e-01
-3.645301163196563721e-01
-9.042871184647083282e-03
4.664371162652969360e-02
-1.665932536125183105e-01
3.633386790752410889e-01
7.016432471573352814e-03
-3.067981898784637451e-01
-1.149304807186126709e-01
3.693846166133880615e-01
-1.096316576004028320e-01
1.820442080497741699e-01
2.492314428091049194e-01
-4.530842602252960205e-01
-4.168328940868377686e-01
1.931941062211990356e-01
3.347164392471313477e-01
-2.426134049892425537e-01
1.075491458177566528e-01
-1.235719025135040283e-01
1.239985320717096329e-02
5.833929404616355896e-02
-6.946044741198420525e-04
-1.915458142757415771e-01
-1.199199482798576355e-01
-3.454946577548980713e-01
1.360844075679779053e-01
8.298525959253311157e-02
1.808008365333080292e-02
1.766812503337860107e-01
-2.034980356693267822e-01
-8.867342770099639893e-02
2.489551901817321777e-01
1.832482069730758667e-01
2.303795367479324341e-01
2.913676500320434570e-01
-9.886971861124038696e-02
2.204514294862747192e-01
-1.167441904544830322e-01
-1.868512928485870361e-01
-1.012515351176261902e-01
-1.093255057930946350e-01
-1.807150691747665405e-01
-1.418614983558654785e-01
3.218567371368408203e-01
5.982569605112075806e-02
1.183894812129437923e-03
-7.568220049142837524e-02
1.996562071144580841e-02
2.042328715324401855e-01
-3.351471126079559326e-01
7.302323728799819946e-02
3.757902681827545166e-01
4.683903157711029053e-01
8.175544440746307373e-02
-2.144325673580169678e-01
2.622199356555938721e-01
1.845368742942810059e-02
-2.176536768674850464e-01
1.147871762514114380e-01
-6.102140992879867554e-02
-1.298664510250091553e-01
-3.223617970943450928e-01
-2.990582883358001709e-01
6.602848321199417114e-02
-3.207382559776306152e-01
-1.116731464862823486e-01
-1.635768264532089233e-01
-2.637727558612823486e-01
3.282594680786132812e-01
-2.812952101230621338e-01
-8.079631626605987549e-02
3.278436660766601562e-01
-1.477254033088684082e-01
3.094887733459472656e-01
-2.481673210859298706e-01
1.038729250431060791e-01
1.513498276472091675e-01
-4.710694402456283569e-02
2.282398939132690430e-01
-2.769431173801422119e-01
1.914413422346115112e-01
5.547552183270454407e-02
-3.945093452930450439e-01
-1.078902184963226318e-01
8.081687241792678833e-02
1.958469003438949585e-01
-3.392404317855834961e-01
-1.117916926741600037e-01
-7.461383473128080368e-03
3.558303713798522949e-01
2.094266861677169800e-01
2.215194702148437500e-01
-6.046031415462493896e-02
-4.405814111232757568e-01
-2.861674129962921143e-01
-4.078613221645355225e-01
-4.607812166213989258e-01
-2.801842391490936279e-01
-3.186491429805755615e-01
-2.367870211601257324e-01
2.021186351776123047e-01
5.320022106170654297e-01
1.521878838539123535e-01
-1.814787536859512329e-01
3.247405290603637695e-01
3.393288552761077881e-01
4.748107120394706726e-02
-3.970990180969238281e-01
2.362492680549621582e-01
-2.318330407142639160e-01
-3.684185743331909180e-01
-1.718130260705947876e-01
2.495186328887939453e-01
7.899158447980880737e-02
3.239098489284515381e-01
-3.325216472148895264e-01
-1.739913076162338257e-01
-1.861511915922164917e-01
-2.416317611932754517e-01
-4.183240234851837158e-01
-1.893455684185028076e-01
-3.106344304978847504e-02
-6.486999988555908203e-02
2.249500602483749390e-01
-1.227045953273773193e-01
2.623719274997711182e-01
-1.557240486145019531e-01
2.134383767843246460e-01
3.540153205394744873e-01
2.713249623775482178e-01
-1.285486668348312378e-01
-2.957270145416259766e-01
-3.146893978118896484e-01
-2.653925418853759766e-01
3.025051653385162354e-01
-1.554976403713226318e-01
-2.434180378913879395e-01
-1.356590837240219116e-01
-2.851969003677368164e-01
9.929801523685455322e-02
-3.403028845787048340e-01
-1.124254763126373291e-01
-1.058734953403472900e-01
-1.051563620567321777e-01
1.474035680294036865e-01
1.931348145008087158e-01
1.161424964666366577e-01
2.890888452529907227e-01
-3.363310918211936951e-02
1.132227703928947449e-01
-2.082171291112899780e-01
-4.416031241416931152e-01
2.390563786029815674e-01
-1.521819233894348145e-01
8.259993046522140503e-02
2.544040605425834656e-02
2.514217793941497803e-01
-2.942105233669281006e-01
2.757863700389862061e-01
-2.265131026506423950e-01
-3.540836572647094727e-01
1.521765440702438354e-01
-2.513701617717742920e-01
1.184482276439666748e-01
-4.641516506671905518e-01
1.522258818149566650e-01
2.140167951583862305e-01
-8.916656486690044403e-03
2.885715961456298828e-01
-2.663852274417877197e-01
9.996813535690307617e-02
-2.683216929435729980e-01
-3.108409941196441650e-01
-2.022179067134857178e-01
1.358611583709716797e-01
-3.136123418807983398e-01
1.727303490042686462e-02
-2.232590466737747192e-01
-2.871468104422092438e-02
-3.063944876194000244e-01
-5.886689946055412292e-02
9.369595348834991455e-02
3.556961715221405029e-01
6.930109113454818726e-03
3.386054635047912598e-01
8.798273652791976929e-02
3.141422569751739502e-01
-3.121550083160400391e-01
-2.449625432491302490e-01
-2.462129145860671997e-01
3.768552541732788086e-01
-2.531703710556030273e-01
-3.366029262542724609e-01
9.159415215253829956e-02
2.087146937847137451e-01
2.885599061846733093e-02
-1.839068830013275146e-01
-2.920488119125366211e-01
7.149862498044967651e-02
3.470216989517211914e-01
-9.545773267745971680e-02
-4.716756045818328857e-01
2.552972435951232910e-01
-1.498863250017166138e-01
4.761199653148651123e-01
-1.882986724376678467e-01
-3.060525655746459961e-01
-6.783327460289001465e-02
1.676736176013946533e-01
2.840905785560607910e-01
1.156213656067848206e-01
-3.886579573154449463e-01
1.233569979667663574e-01
1.061520352959632874e-01
-2.375226467847824097e-01
-5.100942254066467285e-01
1.569516509771347046e-01
-1.597136706113815308e-01
-2.241167239844799042e-02
-1.568861454725265503e-01
3.857526481151580811e-01
6.012208759784698486e-02
-3.329392373561859131e-01
1.195385828614234924e-01
-1.244014352560043335e-01
1.954475492238998413e-01
1.322307810187339783e-02
-2.964939773082733154e-01
-4.225047826766967773e-01
-4.541230201721191406e-01
1.522522866725921631e-01
-1.876678019762039185e-01
-2.564456760883331299e-01
2.603880465030670166e-01
-8.589699119329452515e-02
1.760742627084255219e-03
-1.318722218275070190e-01
-6.693463027477264404e-02
5.428514257073402405e-02
1.247091069817543030e-01
-1.041074320673942566e-01
3.525771498680114746e-01
2.328809350728988647e-01
2.732209265232086182e-01
-2.773988544940948486e-01
7.657270878553390503e-02
-2.695334553718566895e-01
-1.385919302701950073e-01
-4.585236310958862305e-02
-4.203298315405845642e-02
3.066045641899108887e-01
-2.738207876682281494e-01
3.939918577671051025e-01
-1.757758855819702148e-01
3.848934173583984375e-01
2.359329760074615479e-01
-2.466222494840621948e-01
3.308722972869873047e-01
-4.611671715974807739e-02
2.862961292266845703e-01
-8.282988518476486206e-02
1.428368985652923584e-01
1.365610510110855103e-01
-1.529131829738616943e-01
4.132411777973175049e-01
-3.176774680614471436e-01
3.771884739398956299e-01
-2.395645976066589355e-01
1.881095767021179199e-01
1.580221764743328094e-02
-2.837464213371276855e-01
3.064915239810943604e-01
4.253646731376647949e-02
5.637965165078639984e-03
2.176956534385681152e-01
-3.576850891113281250e-01
1.665169000625610352e-01
-3.048210740089416504e-01
-3.299456238746643066e-01
-8.387548476457595825e-02
-1.421088129281997681e-01
8.256344497203826904e-02
-1.801493614912033081e-01
3.143782317638397217e-01
1.757313311100006104e-01
4.109904170036315918e-01
-1.258813291788101196e-01
-1.167356874793767929e-02
7.609837502241134644e-02
3.381279110908508301e-02
4.049421101808547974e-02
2.486964464187622070e-01
2.883743122220039368e-02
-2.732553780078887939e-01
3.310039639472961426e-02
2.671977281570434570e-01
-2.439440488815307617e-01
-1.265694797039031982e-01
2.110303938388824463e-01
6.997496634721755981e-02
4.097138941287994385e-01
-3.020709753036499023e-01
1.000855565071105957e-01
-3.425036072731018066e-01
-2.941973805427551270e-01
-1.020955443382263184e-01
2.444062680006027222e-01
1.432786285877227783e-01
-3.095614537596702576e-02
2.237814813852310181e-01
-3.106029927730560303e-01
-3.509125858545303345e-02
-1.658077985048294067e-01
-3.439427316188812256e-01
-7.876793853938579559e-03
5.299672484397888184e-02
3.846064209938049316e-01
2.965887784957885742e-01
-3.201933801174163818e-01
1.344221234321594238e-01
-1.126304641366004944e-01
1.681375205516815186e-01
-3.183190822601318359e-01
1.989569216966629028e-01
-2.321256324648857117e-02
-2.477165684103965759e-02
-1.655194908380508423e-01
-2.108508050441741943e-01
2.734698653221130371e-01
3.602276444435119629e-01
1.086813770234584808e-02
1.220531389117240906e-01
-3.514648647978901863e-03
3.949086368083953857e-01
-3.260849416255950928e-01
1.803474687039852142e-02
-2.854966521263122559e-01
-4.002333581447601318e-01
-4.644908383488655090e-02
3.878742456436157227e-02
-2.120723277330398560e-01
1.950643509626388550e-01
2.769416272640228271e-01
-2.849214673042297363e-01
-1.602200567722320557e-01
-8.341923356056213379e-02
-4.496764838695526123e-01
3.002930432558059692e-02
-5.066064000129699707e-02
3.141735196113586426e-01
2.135235220193862915e-01
1.523318141698837280e-01
9.987276978790760040e-03
-3.218089342117309570e-01
-8.953663706779479980e-02
3.823461532592773438e-01
4.366971850395202637e-01
1.699505746364593506e-01
-2.409072518348693848e-01
2.310029566287994385e-01
1.829049885272979736e-01
3.553201258182525635e-01
-2.380849123001098633e-01
3.408464193344116211e-01
3.925978541374206543e-01
-1.394684165716171265e-01
-3.338034749031066895e-01
-2.491865009069442749e-01
-1.225909870117902756e-02
-1.134185642004013062e-01
3.496609032154083252e-01
2.933540344238281250e-01
3.639166057109832764e-01
-1.802872866392135620e-01
-8.103065192699432373e-02
-2.906703948974609375e-01
-9.754511713981628418e-02
-2.803710997104644775e-01
1.588976383209228516e-01
-1.391927599906921387e-01
1.117096245288848877e-01
-2.640980780124664307e-01
-4.079454839229583740e-01
-9.512276947498321533e-02
3.063179552555084229e-01
3.421781659126281738e-01
3.429346680641174316e-01
-5.205301567912101746e-02
-3.083930909633636475e-01
-3.117071688175201416e-01
2.114130556583404541e-01
-1.078294441103935242e-01
1.403814256191253662e-01
3.687641024589538574e-01
-1.902169883251190186e-01
-3.959666565060615540e-02
1.621547043323516846e-01
9.606555849313735962e-02
3.340181335806846619e-02
-2.938668131828308105e-01
1.324852854013442993e-01
-3.030872046947479248e-01
-2.592300772666931152e-01
2.431074082851409912e-01
2.472071498632431030e-01
-2.690196335315704346e-01
5.118751898407936096e-02
-4.925461411476135254e-01
-2.525173127651214600e-02
-2.588569521903991699e-01
2.010075598955154419e-01
8.649265021085739136e-02
-3.273888826370239258e-01
3.584653139114379883e-02
-2.142448723316192627e-01
-4.609828591346740723e-01
3.294829726219177246e-01
-9.598666429519653320e-02
6.322435289621353149e-02
1.057955771684646606e-01
-2.224875241518020630e-01
4.350562095642089844e-01
2.364770025014877319e-01
-1.426826417446136475e-01
-2.160503119230270386e-01
3.139313161373138428e-01
-3.162372112274169922e-01
7.452344871126115322e-04
3.111901581287384033e-01
-1.505283713340759277e-01
-3.213444650173187256e-01
-3.248495161533355713e-01
-1.390670239925384521e-01
3.052565157413482666e-01
3.693125769495964050e-02
-2.522316575050354004e-01
5.714256782084703445e-03
-3.421162366867065430e-01
-2.982975840568542480e-01
-3.100931346416473389e-01
-2.098341435194015503e-01
8.696419000625610352e-02
1.717651784420013428e-01
-2.624105811119079590e-01
-3.009975850582122803e-01
-1.620207875967025757e-01
3.348724842071533203e-01
1.173248589038848877e-01
1.708162277936935425e-01
1.617454923689365387e-02
-1.311788856983184814e-01
-2.649961709976196289e-01
3.137707114219665527e-01
-3.988321870565414429e-02
2.089940905570983887e-01
-2.548136115074157715e-01
2.906514406204223633e-01
-1.488424390554428101e-01
-3.377430140972137451e-02
-2.312042415142059326e-01
-4.779366850852966309e-01
2.998305559158325195e-01
1.185634881258010864e-01
-1.014589443802833557e-01
-1.263570785522460938e-01
-5.201239883899688721e-02
-3.498105406761169434e-01
-3.305794596672058105e-01
2.145718485116958618e-01
-1.127288769930601120e-02
-9.545765072107315063e-02
3.398405313491821289e-01
-3.508211374282836914e-01
4.968180134892463684e-02
-2.582953870296478271e-01
-1.887090206146240234e-01
-1.917979568243026733e-01
1.937862485647201538e-02
-2.249522805213928223e-01
-4.109242260456085205e-01
-1.260845959186553955e-01
-4.441932961344718933e-02
-2.778395712375640869e-01
-3.457887768745422363e-01
-3.447334766387939453e-01
3.479393124580383301e-01
1.704882830381393433e-01
-3.392941653728485107e-01
2.715945243835449219e-01
1.218048483133316040e-02
-1.537288129329681396e-01
-2.667784690856933594e-01
-3.206473886966705322e-01
-2.675200104713439941e-01
5.854880809783935547e-02
-1.862517558038234711e-02
-2.505801618099212646e-01
-2.604945600032806396e-01
-2.848836965858936310e-02
-3.557865023612976074e-01
-3.874633833765983582e-02
-2.698304057121276855e-01
6.345766037702560425e-02
-2.959811091423034668e-01
3.731309175491333008e-01
-8.300139755010604858e-02
-1.373350322246551514e-01
-1.070773750543594360e-01
3.663500845432281494e-01
-2.406354434788227081e-02
-3.115962445735931396e-01
-1.768368631601333618e-01
-3.855960071086883545e-02
3.676208555698394775e-01
-3.547410368919372559e-01
-1.886862963438034058e-01
-9.606678038835525513e-03
3.103007972240447998e-01
-2.179299443960189819e-01
9.815266728401184082e-02
-1.748342663049697876e-01
1.207636073231697083e-01
1.105187162756919861e-01
2.804200947284698486e-01
1.874114274978637695e-01
8.570959419012069702e-02
-7.246443629264831543e-02
-7.719875127077102661e-02
-7.351031899452209473e-02
3.779545659199357033e-03
2.421022504568099976e-01
-2.049086093902587891e-01
1.584404706954956055e-01
8.836907148361206055e-02
-1.537809371948242188e-01
-2.766174077987670898e-01
-1.881774365901947021e-01
-1.536452025175094604e-01
1.804905980825424194e-01
-7.553679402917623520e-03
2.443480342626571655e-01
2.706389725208282471e-01
-3.425686955451965332e-01
-4.859455227851867676e-01
-2.792041003704071045e-01
-3.515160083770751953e-01
-5.438437461853027344e-01
-4.472820758819580078e-01
1.101249754428863525e-01
1.947146654129028320e-01
-3.626583144068717957e-02
9.421584010124206543e-02
-2.497787624597549438e-01
1.785693764686584473e-01
-3.805623948574066162e-02
-1.798524111509323120e-01
2.923293709754943848e-01
-2.822316288948059082e-01
2.318348288536071777e-01
3.071320652961730957e-01
-1.390709578990936279e-01
2.219188213348388672e-01
7.877876609563827515e-02
1.418869495391845703e-01
3.606680035591125488e-01
2.578742504119873047e-01
2.130152583122253418e-01
3.111047446727752686e-01
-6.643519550561904907e-02
-1.680787466466426849e-02
1.673123091459274292e-01
-3.258567750453948975e-01
-1.344744265079498291e-01
1.240162178874015808e-02
2.707296051084995270e-02
6.744645535945892334e-02
2.773301303386688232e-01
-1.540869325399398804e-01
6.572692096233367920e-02
-1.283190548419952393e-01
-1.442427635192871094e-01
-2.201967686414718628e-01
3.166930675506591797e-01
-1.920830830931663513e-02
1.755763590335845947e-01
3.012783527374267578e-01
-3.119445443153381348e-01
4.280902445316314697e-02
-6.763114780187606812e-02
3.029129803180694580e-01
-2.890218496322631836e-01
-5.070379748940467834e-02
9.277556836605072021e-02
-8.578325808048248291e-02
2.833448648452758789e-01
1.903143376111984253e-01
1.240115836262702942e-01
-3.613959252834320068e-01
-3.342093229293823242e-01
-9.012459963560104370e-02
-2.549139857292175293e-01
-2.943540811538696289e-01
-2.993465363979339600e-01
-3.109140694141387939e-01
-1.475913971662521362e-01
2.025458216667175293e-02
-6.281247735023498535e-02
1.157914102077484131e-01
-3.972247540950775146e-01
-1.668801269261166453e-04
-4.987395107746124268e-01
3.911086916923522949e-01
3.422963023185729980e-01
8.163765072822570801e-02
1.993725597858428955e-01
-6.905366480350494385e-02
2.656583786010742188e-01
3.445540368556976318e-01
4.032167047262191772e-02
1.551891565322875977e-01
1.151868049055337906e-02
2.257354557514190674e-01
-9.396275877952575684e-02
1.643901616334915161e-01
-2.114647924900054932e-01
-2.100733071565628052e-01
1.394635289907455444e-01
-1.472161263227462769e-01
2.720374464988708496e-01
1.293482184410095215e-01
1.493274569511413574e-01
3.138171136379241943e-01
2.615429162979125977e-01
4.776277765631675720e-02
-3.823108971118927002e-02
-1.185369417071342468e-01
3.433088958263397217e-01
2.488495260477066040e-01
3.195751607418060303e-01
-1.232847794890403748e-01
-2.181761711835861206e-01
4.911325126886367798e-02
3.548086434602737427e-02
-1.021124869585037231e-01
-2.317720651626586914e-01
2.325893491506576538e-01
-1.752649098634719849e-01
-8.776457980275154114e-03
-6.189907714724540710e-02
9.011202305555343628e-02
-9.560097754001617432e-02
-4.012787640094757080e-01
-1.983855962753295898e-01
1.364100277423858643e-01
1.782966256141662598e-01
3.734599798917770386e-02
1.725059933960437775e-02
1.429697722196578979e-01
3.964756131172180176e-01
2.710144817829132080e-01
8.636035025119781494e-02
3.321940600872039795e-01
-2.124390006065368652e-01
-2.309915274381637573e-01
-2.621776461601257324e-01
-4.039245471358299255e-02
-1.854394674301147461e-01
-2.239915877580642700e-01
2.192760705947875977e-01
-2.408857047557830811e-01
-2.060619890689849854e-01
-1.684261858463287354e-01
-1.291739940643310547e-01
1.027924567461013794e-01
6.817696243524551392e-02
3.365409672260284424e-01
1.172364801168441772e-01
-2.299907058477401733e-01
-2.847263216972351074e-02
-1.074429228901863098e-01
1.447523292154073715e-02
2.543787062168121338e-01
2.376947849988937378e-01
7.808537781238555908e-02
2.114360332489013672e-01
-3.387662470340728760e-01
-2.581804394721984863e-01
-2.490246295928955078e-01
1.659043282270431519e-01
1.720149517059326172e-01
2.105486243963241577e-01
-2.243117988109588623e-02
1.459121257066726685e-01
-1.265072822570800781e-01
3.523633480072021484e-01
3.557696938514709473e-01
-7.882636785507202148e-02
2.529954314231872559e-01
-2.456033825874328613e-01
2.035651654005050659e-01
2.976254820823669434e-01
-7.148648798465728760e-02
1.024034544825553894e-01
1.697932630777359009e-01
-3.499310463666915894e-02
5.870860069990158081e-03
3.815185278654098511e-02
-3.884542584419250488e-01
2.643854618072509766e-01
-8.266501873731613159e-02
3.795701861381530762e-01
-2.957898080348968506e-01
-3.638956248760223389e-01
1.952468454837799072e-01
-2.569166421890258789e-01
2.261355519294738770e-03
2.677054405212402344e-01
4.154416620731353760e-01
5.198914185166358948e-02
-1.969686150550842285e-01
-2.641190886497497559e-01
-4.510366320610046387e-01
1.614907234907150269e-01
3.875964283943176270e-01
-5.806182697415351868e-02
-3.023701608180999756e-01
2.582651376724243164e-01
3.039656281471252441e-01
-3.471701145172119141e-01
6.123491004109382629e-02
-1.286541968584060669e-01
1.384236961603164673e-01
1.475439220666885376e-01
-2.011007815599441528e-01
-7.051535695791244507e-02
