9.425101429224014282e-02
5.615228042006492615e-02
-3.663031011819839478e-02
1.054270118474960327e-01
-5.318876355886459351e-02
-1.570966839790344238e-01
4.222720116376876831e-02
-5.155032873153686523e-02
5.337550770491361618e-03
2.199665643274784088e-03
2.742966637015342712e-02
-2.125057362718507648e-04
4.599802196025848389e-02
3.286048024892807007e-02
-8.964134380221366882e-03
1.613061428070068359e-01
1.178926322609186172e-03
-4.670125897973775864e-03
1.288521587848663330e-01
-1.221624296158552170e-02
2.459452673792839050e-02
-3.906820341944694519e-02
1.238902623299509287e-04
3.242492303252220154e-02
-8.696830272674560547e-02
4.394165705889463425e-03
-1.647923782002180815e-04
-5.999124422669410706e-02
4.350961651653051376e-03
3.388620540499687195e-02
-4.561017081141471863e-02
5.026586353778839111e-02
-4.513434320688247681e-02
8.045316487550735474e-02
-1.614540116861462593e-03
3.783230111002922058e-02
-1.828725263476371765e-02
-9.275099728256464005e-04
1.168710296042263508e-04
-3.691432066261768341e-04
-3.607361344620585442e-03
-3.246725350618362427e-02
-1.078940331935882568e-01
3.768333792686462402e-02
1.260205507278442383e-01
5.744265019893646240e-02
6.074623391032218933e-02
1.845031417906284332e-02
-6.290154997259378433e-03
2.416664734482765198e-02
7.902878522872924805e-02
1.019153147935867310e-01
2.511782571673393250e-03
-1.226574648171663284e-03
1.830702647566795349e-02
-8.588660275563597679e-04
6.725037842988967896e-02
1.278128474950790405e-02
4.718497395515441895e-02
2.633617632091045380e-02
1.852948032319545746e-02
-3.105415031313896179e-02
-5.305785313248634338e-02
3.261631121858954430e-03
9.153521060943603516e-02
5.351142585277557373e-02
-3.506677225232124329e-02
8.712901920080184937e-02
-2.459741756319999695e-02
-1.619769036769866943e-01
4.409419000148773193e-02
-6.443214416503906250e-02
6.959898397326469421e-03
-7.147584110498428345e-04
2.271239273250102997e-02
-8.038938976824283600e-04
3.998829424381256104e-02
1.325730793178081512e-02
-1.266096718609333038e-02
1.592413932085037231e-01
3.121909685432910919e-03
-3.651567967608571053e-03
1.198575198650360107e-01
-1.072173379361629486e-02
6.618432700634002686e-03
-3.528143465518951416e-02
3.049002261832356453e-03
3.772297874093055725e-02
-8.668856322765350342e-02
-2.648950088769197464e-03
4.894362064078450203e-05
-6.360960751771926880e-02
5.776055622845888138e-03
2.484979107975959778e-02
-5.108164623379707336e-02
4.222156852483749390e-02
-2.951963432133197784e-02
8.981747925281524658e-02
-9.612963767722249031e-04
4.089205712080001831e-02
-3.667543083429336548e-02
3.348065773025155067e-03
4.899885389022529125e-04
-1.611126773059368134e-02
-5.722596310079097748e-03
-3.017852827906608582e-02
-9.010659903287887573e-02
4.591411352157592773e-02
1.320444941520690918e-01
4.684413224458694458e-02
5.635104700922966003e-02
2.456307224929332733e-02
-5.580797791481018066e-03
1.729601807892322540e-02
8.999581634998321533e-02
1.026347056031227112e-01
4.800243303179740906e-03
-7.804144173860549927e-03
-3.913433756679296494e-03
6.323439883999526501e-04
9.314446896314620972e-02
1.203709747642278671e-02
4.915774986147880554e-02
1.021689362823963165e-02
1.352833956480026245e-02
-2.945209667086601257e-02
-3.185544535517692566e-02
3.984464332461357117e-03
7.439923286437988281e-02
4.974402487277984619e-02
-5.254478752613067627e-02
8.837696164846420288e-02
-1.662879437208175659e-02
-1.320503950119018555e-01
1.134865358471870422e-02
-7.227192819118499756e-02
5.732109770178794861e-03
-3.286879509687423706e-03
2.306167222559452057e-02
-1.814596820622682571e-03
4.491385072469711304e-02
-8.745327591896057129e-03
-1.461208239197731018e-02
1.638930141925811768e-01
6.900001782923936844e-03
-4.852885846048593521e-03
1.142639219760894775e-01
-9.066995233297348022e-03
4.296530038118362427e-03
-3.672143816947937012e-02
3.459066152572631836e-03
4.002195224165916443e-02
-8.082932233810424805e-02
3.592494875192642212e-03
1.729729265207424760e-04
-5.697920173406600952e-02
4.647455643862485886e-03
1.462454162538051605e-02
-4.589259251952171326e-02
3.528411313891410828e-02
-3.446552157402038574e-02
9.840775281190872192e-02
-2.534120529890060425e-02
3.639143705368041992e-02
-3.671865165233612061e-02
1.712021417915821075e-03
8.431174210272729397e-04
-1.975514926016330719e-02
-3.087774617597460747e-03
-2.377148717641830444e-02
-6.930334120988845825e-02
4.066993668675422668e-02
1.434173136949539185e-01
3.301151096820831299e-02
4.457440972328186035e-02
1.844481378793716431e-02
-8.171192370355129242e-03
1.519556157290935516e-02
1.001739054918289185e-01
9.930142760276794434e-02
-2.913820371031761169e-02
-2.276529558002948761e-03
-1.395696587860584259e-02
2.185174729675054550e-03
1.022271662950515747e-01
1.282430253922939301e-02
4.846508055925369263e-02
-4.291448742151260376e-03
1.063916273415088654e-02
-2.897134609520435333e-02
-4.160762205719947815e-02
2.822853857651352882e-03
7.496204227209091187e-02
4.190205782651901245e-02
-6.508926302194595337e-02
8.691903948783874512e-02
-1.091358065605163574e-02
-1.063584089279174805e-01
5.577832460403442383e-03
-8.689198642969131470e-02
6.507188547402620316e-03
5.555899348109960556e-03
4.600588604807853699e-02
-7.052106666378676891e-04
4.108223319053649902e-02
-3.997167572379112244e-03
-1.231936085969209671e-02
1.539981663227081299e-01
1.306247431784868240e-03
-6.607117597013711929e-03
1.127947121858596802e-01
6.059523671865463257e-03
-2.190586179494857788e-03
-3.591983765363693237e-02
2.201748313382267952e-03
2.395396679639816284e-02
-8.957765251398086548e-02
9.129619225859642029e-03
-4.680165875470265746e-05
-8.113075047731399536e-02
4.084941931068897247e-03
2.112449705600738525e-02
-3.657835721969604492e-02
2.534489147365093231e-02
-4.214961826801300049e-02
8.450487256050109863e-02
-3.374457359313964844e-02
9.949257597327232361e-03
-2.672027423977851868e-02
-6.109133362770080566e-03
4.100523656234145164e-04
-6.609234260395169258e-04
-1.454909797757863998e-03
-2.654387056827545166e-02
-6.920994818210601807e-02
2.960493229329586029e-02
1.658191978931427002e-01
1.011637598276138306e-02
3.950099647045135498e-02
3.692741505801677704e-03
-1.271731778979301453e-02
9.466316550970077515e-03
8.172049373388290405e-02
7.892021536827087402e-02
-2.520705014467239380e-02
1.839698292315006256e-02
-1.755747944116592407e-02
2.257395070046186447e-03
8.706638216972351074e-02
-4.692426882684230804e-03
5.058063194155693054e-02
-1.292299851775169373e-02
1.133836992084980011e-02
-4.222594574093818665e-02
-5.610280483961105347e-02
1.445782720111310482e-03
7.695762813091278076e-02
1.741718687117099762e-02
-3.527620807290077209e-02
5.290953814983367920e-02
-8.668545633554458618e-03
-7.095522433519363403e-02
3.248121589422225952e-02
-4.103181138634681702e-02
7.623553276062011719e-03
1.570431888103485107e-02
5.396074056625366211e-02
-1.005860045552253723e-03
3.565631061792373657e-02
-3.179844468832015991e-03
-1.755475066602230072e-02
1.372397243976593018e-01
1.361861592158675194e-03
-7.818761281669139862e-03
1.235872507095336914e-01
2.587459981441497803e-02
-7.091362029314041138e-03
-4.488730430603027344e-02
3.266706364229321480e-03
2.161207608878612518e-02
-9.139130264520645142e-02
3.013942623510956764e-04
-6.426918553188443184e-04
-8.667154610157012939e-02
4.620059393346309662e-03
5.070717632770538330e-02
-7.764081470668315887e-03
3.360421210527420044e-02
-4.106543958187103271e-02
7.818402349948883057e-02
-4.275788366794586182e-02
1.272398605942726135e-02
-1.090941298753023148e-02
-2.731588203459978104e-03
1.606783131137490273e-03
1.057242508977651596e-02
-2.835492370650172234e-03
-3.430261090397834778e-02
-4.571124166250228882e-02
7.593331858515739441e-03
1.044142991304397583e-01
3.771482408046722412e-02
4.604182392358779907e-02
-1.314531452953815460e-02
-1.037063542753458023e-03
5.041322670876979828e-03
7.249896228313446045e-02
6.355363875627517700e-02
-2.885459549725055695e-02
1.860836893320083618e-02
-2.578444965183734894e-02
5.295631475746631622e-03
7.771096378564834595e-02
-6.474401336163282394e-03
3.864787146449089050e-02
-2.079294621944427490e-02
2.019516378641128540e-02
-2.539233118295669556e-02
-6.792652606964111328e-02
3.928747959434986115e-03
1.013529226183891296e-01
6.578148901462554932e-02
-4.682267084717750549e-02
1.068253368139266968e-01
-3.662651032209396362e-02
-1.317817866802215576e-01
2.250129729509353638e-02
-7.914771139621734619e-02
3.673945087939500809e-03
5.499296821653842926e-04
2.412681467831134796e-02
-1.159403473138809204e-05
4.954567551612854004e-02
4.409604892134666443e-02
-9.547505527734756470e-03
1.562152802944183350e-01
1.502206083387136459e-03
-6.020337808877229691e-03
9.817803651094436646e-02
-4.234532639384269714e-02
2.939773537218570709e-02
-3.685782849788665771e-02
1.802913029678165913e-04
3.445788472890853882e-02
-9.921504557132720947e-02
9.126697666943073273e-03
-2.677620213944464922e-04
-8.027052134275436401e-02
-1.121399574913084507e-03
3.688757866621017456e-02
-3.464364632964134216e-02
4.681689664721488953e-02
-4.428219422698020935e-02
7.200315594673156738e-02
-8.735196664929389954e-03
3.277467563748359680e-02
-2.034386433660984039e-02
1.016755821183323860e-03
3.235306940041482449e-04
-4.101225174963474274e-03
-3.154703881591558456e-03
-2.720437571406364441e-02
-1.142535805702209473e-01
3.543960675597190857e-02
1.401268094778060913e-01
4.123899340629577637e-02
3.857956826686859131e-02
8.081844076514244080e-03
-6.849729456007480621e-03
2.289227023720741272e-02
9.094695001840591431e-02
8.833761513233184814e-02
-2.990582212805747986e-02
2.233706600964069366e-02
-2.873309887945652008e-03
-3.052192740142345428e-03
6.631955504417419434e-02
2.040205523371696472e-02
3.996885195374488831e-02
4.361676797270774841e-02
1.497303973883390427e-02
-3.612513840198516846e-02
-7.726106047630310059e-02
-5.097817629575729370e-04
9.724947810173034668e-02
6.973363459110260010e-02
-2.688830718398094177e-02
9.179560095071792603e-02
-1.242958009243011475e-03
-1.217036396265029907e-01
1.786070317029953003e-02
-8.166630566120147705e-02
4.572559148073196411e-03
-9.909211657941341400e-04
1.868329569697380066e-02
-1.567242550663650036e-03
4.435538500547409058e-02
2.086828276515007019e-02
-1.292064506560564041e-02
1.563730239868164062e-01
3.666761331260204315e-03
-3.792407456785440445e-03
8.568348735570907593e-02
-4.167085140943527222e-02
9.425550699234008789e-03
-3.247914463281631470e-02
2.877751830965280533e-03
3.815777599811553955e-02
-8.435987681150436401e-02
3.058537840843200684e-03
1.093701648642309010e-04
-7.243850827217102051e-02
1.344487885944545269e-03
2.326914295554161072e-02
-4.637230932712554932e-02
3.805702924728393555e-02
-4.075962305068969727e-02
6.684166938066482544e-02
-1.542638055980205536e-02
3.245836123824119568e-02
-3.276796638965606689e-02
4.294977523386478424e-03
2.730101696215569973e-04
-1.113656535744667053e-02
-4.579152446240186691e-03
-1.639131084084510803e-02
-7.451152801513671875e-02
4.796797409653663635e-02
1.416344791650772095e-01
3.481096029281616211e-02
3.677028417587280273e-02
1.180115062743425369e-02
-9.415283799171447754e-03
1.699557341635227203e-02
9.727700054645538330e-02
8.857856690883636475e-02
-1.115681231021881104e-02
2.092186734080314636e-02
-1.755402609705924988e-02
-9.179158369079232216e-04
8.418724685907363892e-02
1.921040751039981842e-02
4.060529917478561401e-02
3.842587769031524658e-02
1.154872030019760132e-02
-3.124607913196086884e-02
-6.523906439542770386e-02
6.491285748779773712e-04
8.961872756481170654e-02
7.072849571704864502e-02
-4.205650091171264648e-02
9.850332140922546387e-02
1.352114975452423096e-02
-9.454329311847686768e-02
-3.614183515310287476e-03
-9.581489861011505127e-02
1.667718868702650070e-03
-4.483228549361228943e-04
2.263383753597736359e-02
-2.393128583207726479e-03
4.622834175825119019e-02
-2.271438017487525940e-03
-1.536944229155778885e-02
1.656449437141418457e-01
6.998297292739152908e-03
-4.890684038400650024e-03
8.867800235748291016e-02
-4.885899648070335388e-02
1.120598986744880676e-02
-3.951016068458557129e-02
2.863059286028146744e-03
3.867227584123611450e-02
-7.474994659423828125e-02
8.947825990617275238e-03
-2.474876528140157461e-04
-6.103575229644775391e-02
4.210278857499361038e-04
5.402257665991783142e-03
-4.323647543787956238e-02
3.244594857096672058e-02
-4.929438233375549316e-02
7.797436416149139404e-02
-4.799880832433700562e-02
2.440998144447803497e-02
-3.986057639122009277e-02
4.160219337791204453e-03
4.020863707410171628e-05
-1.542524341493844986e-02
-2.078076126053929329e-03
-1.004214584827423096e-02
-5.332801118493080139e-02
4.204079508781433105e-02
1.530213057994842529e-01
3.266470134258270264e-02
3.085349500179290771e-02
6.978323217481374741e-03
-1.066347677260637283e-02
1.508778613060712814e-02
9.929697215557098389e-02
8.464290946722030640e-02
-3.217215090990066528e-02
1.394108589738607407e-02
-1.735894195735454559e-02
-1.908564299810677767e-04
7.646034657955169678e-02
2.209542505443096161e-02
4.023829847574234009e-02
3.300608694553375244e-02
1.087216846644878387e-02
-2.468166127800941467e-02
-6.108066067099571228e-02
1.020437106490135193e-03
8.499196916818618774e-02
6.101731956005096436e-02
-5.584465712308883667e-02
9.789992868900299072e-02
1.127807050943374634e-02
-7.598359137773513794e-02
5.514025688171386719e-04
-1.123374849557876587e-01
-1.721316657494753599e-04
9.293708950281143188e-03
4.578370600938796997e-02
-6.271916208788752556e-05
3.645901381969451904e-02
1.268452033400535583e-03
-1.350579969584941864e-02
1.514196097850799561e-01
1.292857108637690544e-03
-6.678104400634765625e-03
9.111724048852920532e-02
-4.675386473536491394e-02
1.156864501535892487e-02
-4.501469433307647705e-02
9.815534576773643494e-04
2.422733791172504425e-02
-9.226346760988235474e-02
1.625650189816951752e-02
-3.007684717886149883e-04
-8.063551783561706543e-02
-2.971204230561852455e-03
1.132735423743724823e-02
-2.566087618470191956e-02
2.010693773627281189e-02
-4.419847577810287476e-02
7.725674659013748169e-02
-6.006171926856040955e-02
-2.156313974410295486e-03
-3.042086958885192871e-02
-3.272575093433260918e-03
-5.156960105523467064e-04
1.213298761285841465e-03
-1.523235114291310310e-03
-1.471598446369171143e-02
-5.791091918945312500e-02
3.061390295624732971e-02
1.811569482088088989e-01
6.061203777790069580e-03
3.016721084713935852e-02
1.025783829391002655e-03
-1.382991485297679901e-02
9.102184325456619263e-03
7.924553006887435913e-02
7.035276293754577637e-02
-4.400870203971862793e-02
2.176257967948913574e-02
-1.668011583387851715e-02
9.627171675674617290e-05
7.303731888532638550e-02
9.895776398479938507e-03
4.058774933218955994e-02
9.895325638353824615e-03
4.661475308239459991e-03
-3.569204732775688171e-02
-5.010792985558509827e-02
4.694841336458921432e-04
7.987561076879501343e-02
4.166733846068382263e-02
-2.991700917482376099e-02
7.114400714635848999e-02
1.388826966285705566e-02
-5.632465332746505737e-02
2.583180367946624756e-02
-5.473459139466285706e-02
9.199434425681829453e-04
1.611891202628612518e-02
4.473501443862915039e-02
1.176973804831504822e-03
2.799281477928161621e-02
-3.195853903889656067e-03
-1.461939979344606400e-02
1.309968829154968262e-01
1.016457332298159599e-03
-8.144254796206951141e-03
8.978194743394851685e-02
-4.227809607982635498e-02
1.440484076738357544e-03
-5.162054300308227539e-02
2.498795278370380402e-03
2.502655982971191406e-02
-9.789565205574035645e-02
8.473207242786884308e-03
-5.962888244539499283e-04
-9.306819736957550049e-02
-5.957082612439990044e-04
2.821062691509723663e-02
-5.385276395827531815e-03
1.949995756149291992e-02
-3.742356598377227783e-02
7.192634046077728271e-02
-6.976073235273361206e-02
2.300589112564921379e-03
-6.947195157408714294e-03
2.780348528176546097e-03
5.555829266086220741e-04
1.339290291070938110e-03
-3.459255676716566086e-03
-2.887491509318351746e-02
-3.793377429246902466e-02
8.559527806937694550e-03
1.229227483272552490e-01
3.437897562980651855e-02
3.262057155370712280e-02
-1.005672849714756012e-02
2.603961002023424953e-05
6.698997691273689270e-03
7.463645935058593750e-02
5.315285921096801758e-02
-3.875816240906715393e-02
1.694082096219062805e-02
-3.535035252571105957e-02
3.175320336595177650e-03
6.982494890689849854e-02
9.208267554640769958e-03
2.837187796831130981e-02
-2.075199037790298462e-03
1.488621812313795090e-02
-1.689746789634227753e-02
-6.221184879541397095e-02
1.659290050156414509e-03
9.064520150423049927e-02
7.357458770275115967e-02
-4.558494687080383301e-02
7.104985415935516357e-02
-3.257533907890319824e-02
-1.473024040460586548e-01
8.701816201210021973e-03
-8.487206697463989258e-02
4.689166322350502014e-03
-4.873115569353103638e-03
2.283048257231712341e-02
-2.513285027816891670e-03
5.386791378259658813e-02
4.242949187755584717e-03
-8.246365934610366821e-03
1.614413708448410034e-01
2.468144521117210388e-03
-7.159885019063949585e-03
7.247402518987655640e-02
-4.677569866180419922e-02
2.631293423473834991e-02
-4.359257593750953674e-02
1.311784726567566395e-04
3.871244937181472778e-02
-6.998073309659957886e-02
1.136664208024740219e-02
-8.548132609575986862e-04
-9.745336323976516724e-02
1.217604149132966995e-03
2.067568898200988770e-02
-2.508886717259883881e-02
3.450131043791770935e-02
-3.420408070087432861e-02
7.431218773126602173e-02
-1.799868047237396240e-02
2.794851921498775482e-02
-1.415072008967399597e-02
-1.953625585883855820e-03
2.866891154553741217e-04
-1.136695966124534607e-02
-2.025760710239410400e-03
-1.761187985539436340e-02
-1.078803986310958862e-01
3.342412039637565613e-02
1.412899494171142578e-01
3.388233482837677002e-02
3.239294141530990601e-02
-2.259153872728347778e-03
-5.144233349710702896e-03
1.973114162683486938e-02
1.069088205695152283e-01
8.863335102796554565e-02
-5.615677684545516968e-02
1.023990754038095474e-02
-1.115097012370824814e-02
-4.014495061710476875e-04
4.501461237668991089e-02
1.742929406464099884e-02
1.972678117454051971e-02
4.357140138745307922e-02
1.207910943776369095e-02
-4.715990275144577026e-02
-8.212546259164810181e-02
-6.195267778821289539e-04
9.052468836307525635e-02
7.483594119548797607e-02
-3.705354407429695129e-02
7.233851402997970581e-02
3.108110278844833374e-03
-1.087024062871932983e-01
1.521754264831542969e-02
-9.394630789756774902e-02
4.754286259412765503e-03
-4.862470086663961411e-03
6.990819238126277924e-03
-2.589098410680890083e-03
5.616258084774017334e-02
-1.329616457223892212e-02
-9.905191138386726379e-03
1.614886224269866943e-01
4.944653715938329697e-03
-6.528651807457208633e-03
6.290055066347122192e-02
-4.454512149095535278e-02
1.632605306804180145e-02
-3.982134163379669189e-02
2.305861562490463257e-03
4.335817322134971619e-02
-6.264337152242660522e-02
7.897937670350074768e-03
8.330093987751752138e-05
-8.849339932203292847e-02
2.745427191257476807e-03
-2.107169479131698608e-03
-3.296922519803047180e-02
2.640746533870697021e-02
-3.792926296591758728e-02
6.417144834995269775e-02
-3.025206737220287323e-02
2.744878083467483521e-02
-2.268973179161548615e-02
-9.406143799424171448e-04
1.797873701434582472e-04
-2.295468375086784363e-02
-3.245363011956214905e-03
-1.399456709623336792e-02
-6.525307893753051758e-02
5.310401320457458496e-02
1.424227952957153320e-01
2.438712865114212036e-02
3.960699588060379028e-02
-8.811999578028917313e-04
-7.210806477814912796e-03
1.693656109273433685e-02
1.123829483985900879e-01
8.395382761955261230e-02
-1.855508238077163696e-02
1.920677907764911652e-02
-1.366891898214817047e-02
5.734649021178483963e-04
5.464458093047142029e-02
1.805284246802330017e-02
2.658972516655921936e-02
4.564421623945236206e-02
1.278985198587179184e-02
-4.490636289119720459e-02
-6.435205042362213135e-02
1.035059685818850994e-03
8.152315020561218262e-02
6.525752693414688110e-02
-4.920376837253570557e-02
8.833046257495880127e-02
1.596866548061370850e-02
-7.798637449741363525e-02
-1.762337982654571533e-03
-9.550710022449493408e-02
2.063136547803878784e-03
5.606312770396471024e-04
-4.680106416344642639e-03
-3.452250733971595764e-03
3.985883295536041260e-02
-3.396982327103614807e-02
-8.505485020577907562e-03
1.680294871330261230e-01
7.453592494130134583e-03
-1.041537988930940628e-02
7.508873194456100464e-02
-5.484341830015182495e-02
2.498467825353145599e-02
-3.410448133945465088e-02
1.777941011823713779e-03
4.722144827246665955e-02
-6.695211678743362427e-02
1.324890740215778351e-02
7.750313670840114355e-06
-6.391164660453796387e-02
6.565777002833783627e-04
-1.092809066176414490e-02
-3.179960325360298157e-02
3.644230961799621582e-02
-4.568230360746383667e-02
6.318075954914093018e-02
-6.178396940231323242e-02
2.269589900970458984e-02
-2.870916947722434998e-02
-1.450538286007940769e-03
6.465528713306412101e-05
-3.219611942768096924e-02
-1.367437303997576237e-03
-1.802533119916915894e-02
-4.957578703761100769e-02
5.038540810346603394e-02
1.539319604635238647e-01
1.717542856931686401e-02
2.510026097297668457e-02
-3.878493094816803932e-03
-9.809249080717563629e-03
1.504904776811599731e-02
9.397427737712860107e-02
7.120659202337265015e-02
-2.605155482888221741e-02
1.774851977825164795e-02
-1.920466497540473938e-02
8.447353029623627663e-04
3.160722926259040833e-02
2.088837325572967529e-02
2.805522270500659943e-02
5.940122157335281372e-02
1.096381247043609619e-02
-3.773567825555801392e-02
-5.760014429688453674e-02
2.445569727569818497e-03
7.354950159788131714e-02
6.652641296386718750e-02
-5.268778651952743530e-02
9.538206458091735840e-02
1.516898348927497864e-02
-7.450148463249206543e-02
-1.493007689714431763e-02
-1.039548888802528381e-01
-9.109579259529709816e-04
5.058790557086467743e-03
2.220238000154495239e-02
-3.187396097928285599e-03
2.199190855026245117e-02
-4.058449715375900269e-02
-4.164657089859247208e-03
1.451692879199981689e-01
1.335477107204496861e-03
-1.120576728135347366e-02
8.050486445426940918e-02
-5.892319977283477783e-02
2.206254564225673676e-02
-4.156439006328582764e-02
-3.961687325499951839e-04
3.754204511642456055e-02
-5.915015190839767456e-02
1.911788061261177063e-02
6.458957795985043049e-05
-8.698447793722152710e-02
-1.071208505891263485e-03
1.498591154813766479e-04
-2.170276455581188202e-02
1.169154793024063110e-02
-3.917258605360984802e-02
5.901833996176719666e-02
-6.345310807228088379e-02
5.429132375866174698e-03
-1.896140910685062408e-02
-8.313070982694625854e-03
-5.859906086698174477e-04
-1.108368020504713058e-02
-1.488389680162072182e-03
-1.663204282522201538e-02
-6.031455844640731812e-02
3.822496533393859863e-02
1.804478913545608521e-01
-2.285770326852798462e-02
2.823759801685810089e-02
-1.838020049035549164e-03
-1.224092394113540649e-02
8.235808461904525757e-03
7.101787626743316650e-02
6.827729940414428711e-02
-3.528746217489242554e-02
9.749712422490119934e-03
-2.149687334895133972e-02
1.736983540467917919e-04
3.364142775535583496e-02
1.077315025031566620e-02
3.078899160027503967e-02
3.888034820556640625e-02
5.424660630524158478e-03
-4.478238523006439209e-02
-4.456956312060356140e-02
2.205079421401023865e-03
7.188199460506439209e-02
5.833283066749572754e-02
-2.874844521284103394e-02
7.216421514749526978e-02
9.326886385679244995e-03
-7.683763653039932251e-02
1.185014843940734863e-02
-5.057455971837043762e-02
-2.772554988041520119e-03
9.201613254845142365e-03
2.798502147197723389e-02
-1.929145073518157005e-04
1.337199192494153976e-02
-3.877231478691101074e-02
-8.971757255494594574e-03
1.257107853889465332e-01
9.077536524273455143e-04
-1.336981635540723801e-02
7.979912310838699341e-02
-5.827355012297630310e-02
1.762355491518974304e-02
-5.598027259111404419e-02
5.539107951335608959e-04
3.831309825181961060e-02
-7.401703298091888428e-02
1.696253940463066101e-02
8.320508641190826893e-05
-1.015885174274444580e-01
-7.751024095341563225e-04
1.288762316107749939e-02
-2.657949924468994141e-03
-4.538044333457946777e-03
-3.544279187917709351e-02
5.297510325908660889e-02
-6.775185465812683105e-02
7.203073240816593170e-03
3.987234085798263550e-03
-8.304505608975887299e-04
2.253763959743082523e-04
-2.454220131039619446e-02
-3.639778587967157364e-03
-2.560695260763168335e-02
-4.538980126380920410e-02
2.155435085296630859e-02
1.216678619384765625e-01
1.014334708452224731e-02
3.091059625148773193e-02
-8.525092154741287231e-03
1.766653032973408699e-03
7.752738893032073975e-03
7.804592698812484741e-02
5.911403521895408630e-02
-4.710505902767181396e-02
1.509161107242107391e-02
-3.811719641089439392e-02
2.505305688828229904e-03
3.827454149723052979e-02
5.487538874149322510e-03
2.243551611900329590e-02
2.400741167366504669e-02
1.121468190103769302e-02
-2.482686378061771393e-02
-4.887590929865837097e-02
-7.358129951171576977e-04
4.413431510329246521e-02
8.435636758804321289e-02
-3.304742649197578430e-02
5.528709292411804199e-02
-5.454614013433456421e-02
-1.609126627445220947e-01
1.649726927280426025e-02
-8.422303199768066406e-02
2.208539517596364021e-04
-1.381478272378444672e-03
9.798800572752952576e-03
-1.560211763717234135e-03
5.576141923666000366e-02
-2.380273304879665375e-02
2.347481437027454376e-03
1.474314033985137939e-01
1.284414669498801231e-03
2.854399499483406544e-04
9.174989163875579834e-02
-4.947231709957122803e-02
4.318943247199058533e-02
-6.881914287805557251e-02
-9.709727601148188114e-05
3.060236573219299316e-02
-4.297976940870285034e-02
1.103334221988916397e-02
-1.496984157711267471e-03
-1.103631183505058289e-01
9.064747951924800873e-03
5.633534863591194153e-03
-2.803786844015121460e-02
2.431809157133102417e-02
-2.771449461579322815e-02
9.164417535066604614e-02
-3.998384624719619751e-02
3.572826460003852844e-02
-5.153083708137273788e-03
3.737737657502293587e-03
2.405606210231781006e-05
-1.367756910622119904e-02
-3.633950371295213699e-03
-3.168725594878196716e-02
-1.073774695396423340e-01
4.120060056447982788e-02
1.468302309513092041e-01
3.324965387582778931e-02
4.533741623163223267e-02
1.465446315705776215e-02
-8.231699466705322266e-03
1.850046031177043915e-02
8.549021929502487183e-02
9.527629613876342773e-02
-5.043482407927513123e-02
-8.712632581591606140e-03
-1.574307121336460114e-02
2.363178646191954613e-05
8.113227784633636475e-02
5.477923899888992310e-03
7.644957862794399261e-03
4.372299835085868835e-02
2.118287980556488037e-02
-4.486931860446929932e-02
-8.743721246719360352e-02
1.697836210951209068e-03
4.183828458189964294e-02
7.597992569208145142e-02
-3.257241472601890564e-02
3.351406380534172058e-02
-2.190329134464263916e-02
-1.074322164058685303e-01
2.825362235307693481e-02
-9.007976949214935303e-02
-6.962334737181663513e-04
-4.354689270257949829e-03
1.934243366122245789e-03
-1.200292957946658134e-03
5.468294769525527954e-02
-3.968235850334167480e-02
1.861684257164597511e-03
1.525654196739196777e-01
3.775598015636205673e-03
2.039914019405841827e-03
5.830223113298416138e-02
-5.217868089675903320e-02
2.917929179966449738e-02
-7.096554338932037354e-02
3.038350027054548264e-03
4.042931273579597473e-02
-4.806524887681007385e-02
9.905409067869186401e-03
-2.518513356335461140e-04
-1.077177152037620544e-01
6.842399016022682190e-03
-1.486452110111713409e-02
-2.850379422307014465e-02
2.368031442165374756e-02
-2.835882082581520081e-02
7.814399152994155884e-02
-5.268499255180358887e-02
3.270539641380310059e-02
-1.825724169611930847e-02
4.733336158096790314e-03
-1.478354242863133550e-04
-3.321002051234245300e-02
-6.028152536600828171e-03
-3.222952038049697876e-02
-7.938534766435623169e-02
5.449765548110008240e-02
1.415186077356338501e-01
2.775078266859054565e-02
5.853347480297088623e-02
1.138557307422161102e-02
-8.788970299065113068e-03
1.622083038091659546e-02
7.852973788976669312e-02
9.609776735305786133e-02
-1.575168594717979431e-02
-6.083083339035511017e-03
-1.440238952636718750e-02
8.393312455154955387e-04
7.368993759155273438e-02
3.891871776431798935e-03
1.662045158445835114e-02
5.001392215490341187e-02
2.226436138153076172e-02
-4.996253177523612976e-02
-6.775662302970886230e-02
3.476755460724234581e-03
3.288557752966880798e-02
6.164185330271720886e-02
-4.573389887809753418e-02
3.946048393845558167e-02
-1.852989196777343750e-03
-8.354741334915161133e-02
1.188332587480545044e-02
-9.690102189779281616e-02
-3.828048240393400192e-03
3.997443709522485733e-03
-7.118200883269309998e-03
-1.719922758638858795e-03
4.865637421607971191e-02
-4.790871217846870422e-02
2.095710719004273415e-03
1.605884432792663574e-01
6.384614855051040649e-03
-1.606548437848687172e-03
6.935521960258483887e-02
-6.596839427947998047e-02
4.508337751030921936e-02
-4.520475119352340698e-02
2.706169849261641502e-03
4.384575784206390381e-02
-5.779243260622024536e-02
1.574625074863433838e-02
-2.025571593549102545e-04
-7.877913117408752441e-02
4.796580877155065536e-03
-1.644039899110794067e-02
-3.678391128778457642e-02
4.496986418962478638e-02
-3.855004906654357910e-02
7.249616831541061401e-02
-7.094413042068481445e-02
2.839832007884979248e-02
-2.330283075571060181e-02
1.308970386162400246e-03
-3.212953379261307418e-05
-3.867106139659881592e-02
-3.128412179648876190e-03
-4.081825166940689087e-02
-7.610724866390228271e-02
4.815189912915229797e-02
1.460158824920654297e-01
2.407819032669067383e-03
4.054863750934600830e-02
3.350872546434402466e-03
-1.038699597120285034e-02
1.447387877851724625e-02
5.050695315003395081e-02
8.853071928024291992e-02
-2.194627374410629272e-02
1.007173210382461548e-03
-1.766150817275047302e-02
4.411247791722416878e-04
4.545938596129417419e-02
2.534124068915843964e-03
1.145778689533472061e-02
5.293764919042587280e-02
2.263589203357696533e-02
-4.679914936423301697e-02
-6.545158475637435913e-02
3.585329279303550720e-03
3.665217012166976929e-02
6.693505495786666870e-02
-4.097157344222068787e-02
5.720669776201248169e-02
-8.841171860694885254e-03
-1.049527525901794434e-01
1.055529713630676270e-02
-9.218966960906982422e-02
-5.621929187327623367e-03
3.182124812155961990e-03
1.905616186559200287e-02
-3.623312106356024742e-03
3.533975780010223389e-02
-5.356490239500999451e-02
3.867113264277577400e-03
1.255189776420593262e-01
1.287070335820317268e-03
-1.172659453004598618e-03
9.601471573114395142e-02
-7.600213587284088135e-02
3.621754422783851624e-02
-5.038228631019592285e-02
5.140649736858904362e-04
3.159722685813903809e-02
-4.162315651774406433e-02
1.821658201515674591e-02
-9.735301136970520020e-05
-9.504748880863189697e-02
6.413653958588838577e-03
9.887892752885818481e-03
-4.254304617643356323e-02
1.522848382592201233e-02
-3.904325142502784729e-02
6.695494800806045532e-02
-7.602233439683914185e-02
9.754685685038566589e-03
-5.719572305679321289e-03
-8.062152191996574402e-03
-8.328488329425454140e-04
-1.082389336079359055e-02
-1.546874176710844040e-03
-4.378140717744827271e-02
-8.336684852838516235e-02
3.928315639495849609e-02
1.599580347537994385e-01
-3.272861242294311523e-02
3.888075053691864014e-02
9.818729013204574585e-04
-1.299184747040271759e-02
7.047667168080806732e-03
4.111763089895248413e-02
8.921007066965103149e-02
-3.099402412772178650e-02
9.753089398145675659e-04
-1.837621442973613739e-02
-6.446024053730070591e-04
4.615253955125808716e-02
-1.012258324772119522e-02
1.197737455368041992e-02
4.072836041450500488e-02
2.085102163255214691e-02
-5.338522419333457947e-02
-5.562394484877586365e-02
1.679929555393755436e-03
4.214565083384513855e-02
5.401299148797988892e-02
-1.251213252544403076e-02
4.458282887935638428e-02
-2.193335443735122681e-02
-1.057659760117530823e-01
3.972197324037551880e-02
-4.085218906402587891e-02
-7.480683736503124237e-03
9.372206404805183411e-03
2.068561501801013947e-02
-7.506961119361221790e-04
1.973576471209526062e-02
-5.553275346755981445e-02
-2.908200956881046295e-03
9.538827091455459595e-02
1.065653981640934944e-03
-2.746182726696133614e-03
1.136366203427314758e-01
-5.526164174079895020e-02
2.827325090765953064e-02
-6.018459051847457886e-02
1.016590278595685959e-03
3.288497775793075562e-02
-4.888884723186492920e-02
1.262120902538299561e-02
-2.649947127792984247e-04
-1.114333122968673706e-01
6.338913459330797195e-03
1.152400299906730652e-02
-2.232867479324340820e-02
-9.442299604415893555e-03
-3.880913928151130676e-02
6.399508565664291382e-02
-7.652591168880462646e-02
9.606902487576007843e-03
1.281454600393772125e-02
-1.828779932111501694e-03
2.042214618995785713e-04
-1.754109188914299011e-02
-3.564459504559636116e-03
-5.236365273594856262e-02
-6.721641868352890015e-02
2.616487443447113037e-02
1.069913208484649658e-01
-1.560571044683456421e-02
3.722733259201049805e-02
-1.136310771107673645e-02
-3.274883201811462641e-04
7.530131842941045761e-03
6.147701665759086609e-02
8.044309914112091064e-02
-5.887066945433616638e-02
-9.597837924957275391e-05
-2.814260125160217285e-02
1.848537125624716282e-03
5.921716988086700439e-02
-1.023866608738899231e-02
1.169299148023128510e-02
2.721854299306869507e-02
2.581980824470520020e-02
-3.060998581349849701e-02
-5.046490579843521118e-02
5.012789042666554451e-04
6.841280311346054077e-02
7.858739048242568970e-02
-3.557334095239639282e-02
7.901918888092041016e-02
-6.624507158994674683e-02
-1.847985833883285522e-01
3.158493340015411377e-02
-9.224876761436462402e-02
1.340072834864258766e-03
1.506788935512304306e-02
5.026679486036300659e-03
-5.374273750931024551e-04
4.870045930147171021e-02
-4.711600765585899353e-02
3.586920443922281265e-03
1.198529973626136780e-01
1.132317236624658108e-03
5.738321924582123756e-04
1.280291378498077393e-01
-6.399801373481750488e-02
6.100153177976608276e-02
-8.588816225528717041e-02
-1.343535404885187745e-04
2.944367751479148865e-02
-6.436875462532043457e-02
1.929046586155891418e-02
-8.161149453371763229e-04
-8.925997465848922729e-02
3.145508468151092529e-03
1.747941970825195312e-02
5.351526662707328796e-03
1.208266615867614746e-02
-3.375683724880218506e-02
1.073714643716812134e-01
-2.995491400361061096e-02
5.555210635066032410e-02
-3.217930905520915985e-03
5.191445816308259964e-03
4.519918293226510286e-04
-1.887407526373863220e-02
-1.657471992075443268e-03
-3.843177855014801025e-02
-1.337482035160064697e-01
2.702762931585311890e-02
1.408767849206924438e-01
4.929617419838905334e-02
5.784438550472259521e-02
3.282747790217399597e-02
-6.013436708599328995e-03
1.371184736490249634e-02
7.918490469455718994e-02
1.025000363588333130e-01
-7.255010306835174561e-02
-1.372893992811441422e-02
1.357796229422092438e-02
-1.851781271398067474e-04
1.017454937100410461e-01
1.598937809467315674e-02
1.362619549036026001e-02
3.657718002796173096e-02
1.062027737498283386e-02
-4.883715510368347168e-02
-6.478892266750335693e-02
2.726985607296228409e-03
7.600336521863937378e-02
8.191658556461334229e-02
-2.386886812746524811e-02
6.643821299076080322e-02
-4.638994857668876648e-02
-1.498403698205947876e-01
2.495918050408363342e-02
-9.820311516523361206e-02
-9.160497575066983700e-05
9.597346186637878418e-03
5.019828677177429199e-03
-2.416992210783064365e-04
3.900638595223426819e-02
-6.012862920761108398e-02
1.970210345461964607e-03
1.162009239196777344e-01
4.199454560875892639e-03
4.369061440229415894e-03
9.681788086891174316e-02
-6.919218599796295166e-02
5.434915050864219666e-02
-1.018180325627326965e-01
3.048570360988378525e-03
4.217148572206497192e-02
-7.140953838825225830e-02
1.492552179843187332e-02
-2.915798104368150234e-04
-9.166826307773590088e-02
1.869606319814920425e-03
4.924038425087928772e-03
-5.705427378416061401e-03
1.659213751554489136e-02
-3.308102861046791077e-02
9.551903605461120605e-02
-3.373503312468528748e-02
5.529842898249626160e-02
-1.242297329008579254e-02
6.843087729066610336e-03
3.404680173844099045e-04
-2.745720185339450836e-02
-4.444871097803115845e-03
-3.326726704835891724e-02
-1.097180768847465515e-01
3.511476516723632812e-02
1.270932555198669434e-01
3.677511960268020630e-02
6.166435405611991882e-02
2.711490727961063385e-02
-7.740606553852558136e-03
1.027216017246246338e-02
6.870809942483901978e-02
1.133565455675125122e-01
-6.264548003673553467e-02
-1.274566445499658585e-02
1.164691988378763199e-02
6.717909127473831177e-05
1.068429425358772278e-01
1.452555693686008453e-02
1.937658153474330902e-02
2.393826283514499664e-02
1.162827853113412857e-02
-4.968477785587310791e-02
-5.697462707757949829e-02
2.070251619443297386e-03
7.245069742202758789e-02
8.132722228765487671e-02
-3.590216860175132751e-02
5.202209949493408203e-02
-4.091648012399673462e-02
-1.414427161216735840e-01
4.303611814975738525e-03
-1.077436059713363647e-01
-2.472289837896823883e-03
8.223886601626873016e-03
-1.421403139829635620e-03
-2.038135658949613571e-03
4.294658452272415161e-02
-6.752958148717880249e-02
6.310784956440329552e-04
1.368796825408935547e-01
7.546940818428993225e-03
3.024829784408211708e-04
1.142123416066169739e-01
-7.838779687881469727e-02
4.787318408489227295e-02
-7.600524276494979858e-02
2.497993875294923782e-03
4.163844138383865356e-02
-7.987406849861145020e-02
1.774490252137184143e-02
-1.137033686973154545e-04
-6.466870754957199097e-02
1.190759357996284962e-03
1.010863110423088074e-02
-1.117917522788047791e-02
3.563255444169044495e-02
-3.659566119313240051e-02
9.165594726800918579e-02
-4.171328246593475342e-02
4.520843178033828735e-02
-1.542133279144763947e-02
3.769661532714962959e-03
9.327020961791276932e-05
-3.279570117592811584e-02
-2.499737776815891266e-03
-2.681690454483032227e-02
-1.141539365053176880e-01
2.341246977448463440e-02
1.344776898622512817e-01
9.427055716514587402e-03
4.844355210661888123e-02
1.425017882138490677e-02
-5.302098114043474197e-03
7.503983564674854279e-03
4.066354036331176758e-02
1.102629005908966064e-01
-6.420803070068359375e-02
-7.733050733804702759e-03
1.994636468589305878e-02
-7.943222299218177795e-04
8.423228561878204346e-02
1.636734977364540100e-02
1.976204477250576019e-02
2.380174212157726288e-02
1.000736001878976822e-02
-5.243794620037078857e-02
-5.003466457128524780e-02
1.839909236878156662e-03
7.643356174230575562e-02
8.458147943019866943e-02
-3.938908874988555908e-02
7.087561488151550293e-02
-4.900712892413139343e-02
-1.546816080808639526e-01
9.943678975105285645e-03
-1.085416674613952637e-01
-2.688433509320020676e-03
1.404603384435176849e-02
1.780722104012966156e-02
-2.882516942918300629e-03
3.476241976022720337e-02
-6.615071743726730347e-02
1.938350498676300049e-03
1.056486517190933228e-01
2.321253996342420578e-03
-7.435563602484762669e-04
1.218809336423873901e-01
-8.606354147195816040e-02
2.546971291303634644e-02
-6.963495165109634399e-02
1.887441612780094147e-03
3.279386088252067566e-02
-7.984238117933273315e-02
1.876300200819969177e-02
1.059971691574901342e-04
-8.630034327507019043e-02
1.943041337653994560e-03
3.315504640340805054e-02
-2.610490098595619202e-02
8.641649037599563599e-03
-4.250083491206169128e-02
8.725503832101821899e-02
-4.215626418590545654e-02
2.437919192016124725e-02
-5.207495298236608505e-03
-2.709548687562346458e-03
-1.063891104422509670e-03
-9.645577520132064819e-03
-6.128646200522780418e-04
-3.417234867811203003e-02
-1.238869950175285339e-01
1.474071480333805084e-02
1.389874219894409180e-01
-1.837611943483352661e-02
4.537667706608772278e-02
1.250471267849206924e-02
-8.233109489083290100e-03
2.731412649154663086e-03
3.191234171390533447e-02
9.681053459644317627e-02
-7.743136584758758545e-02
-1.464992389082908630e-02
1.961466856300830841e-02
-1.408558804541826248e-03
5.784256756305694580e-02
3.683220129460096359e-03
2.571371197700500488e-02
1.940451003611087799e-02
7.690833881497383118e-03
-6.724135577678680420e-02
-4.613864794373512268e-02
-6.371703930199146271e-04
9.312362968921661377e-02
6.742115318775177002e-02
-2.040742896497249603e-02
7.762089371681213379e-02
-4.419165849685668945e-02
-1.420376151800155640e-01
4.345692321658134460e-02
-6.650116294622421265e-02
-4.238408058881759644e-03
1.996965520083904266e-02
2.329853922128677368e-02
-7.428437820635735989e-04
1.660443283617496490e-02
-6.006041169166564941e-02
-3.006708808243274689e-03
7.932129502296447754e-02
1.605658093467354774e-03
-2.447372302412986755e-03
1.405330300331115723e-01
-6.424295157194137573e-02
3.275807574391365051e-02
-5.976832658052444458e-02
1.003130804747343063e-03
3.935135155916213989e-02
-7.508401572704315186e-02
1.500404626131057739e-02
-1.561075332574546337e-04
-9.903126209974288940e-02
2.429273445159196854e-03
3.109252825379371643e-02
-1.794254779815673828e-02
-1.729354262351989746e-02
-4.416234046220779419e-02
9.194017946720123291e-02
-4.533624649047851562e-02
2.702071890234947205e-02
1.011397410184144974e-02
3.145120106637477875e-03
-5.697432789020240307e-04
-5.265117157250642776e-03
-1.845256192609667778e-03
-4.322012886404991150e-02
-1.007430702447891235e-01
-1.734416233375668526e-03
9.838407486677169800e-02
1.211635768413543701e-03
3.990037739276885986e-02
1.436820253729820251e-03
-4.077109042555093765e-05
7.109725847840309143e-04
5.860810726881027222e-02
8.797138929367065430e-02
-1.002290099859237671e-01
-2.452027238905429840e-02
4.762420430779457092e-03
2.248095348477363586e-03
8.685912191867828369e-02
4.922911524772644043e-03
2.570248022675514221e-02
-2.898061648011207581e-04
1.456524804234504700e-02
-4.740021377801895142e-02
-5.323405191302299500e-02
1.115391030907630920e-03
