9.085089899599552155e-03
9.448294294998049736e-04
-1.266413033008575439e-01
2.642883732914924622e-02
-3.660583123564720154e-02
4.058670252561569214e-02
-4.692363739013671875e-02
-1.634031981229782104e-01
5.463052168488502502e-02
3.133773431181907654e-02
-1.529951859265565872e-02
-6.683268584311008453e-03
-2.614102512598037720e-02
-7.648976147174835205e-02
3.091156855225563049e-02
-1.290541142225265503e-01
-1.504449057392776012e-03
2.716542780399322510e-02
5.648751556873321533e-02
-8.593144267797470093e-02
-7.005126774311065674e-02
-4.195195809006690979e-02
7.841222919523715973e-03
4.476829618215560913e-02
-7.804751396179199219e-03
4.818129539489746094e-02
1.709581166505813599e-02
-2.509466111660003662e-01
1.267395354807376862e-02
2.881980873644351959e-02
-4.853920079767704010e-03
-1.336753964424133301e-01
-8.414766937494277954e-02
7.217754609882831573e-03
-6.429636478424072266e-02
4.367569088935852051e-02
5.363837257027626038e-02
-2.152818255126476288e-03
3.166790306568145752e-02
-2.678285585716366768e-03
4.719839245080947876e-02
-9.176182746887207031e-02
-7.555256783962249756e-02
6.764297932386398315e-02
-1.144220903515815735e-01
-1.256961077451705933e-01
1.619590818881988525e-02
5.655878037214279175e-02
1.855371147394180298e-02
6.592296995222568512e-03
-9.256888180971145630e-02
-7.082050293684005737e-02
1.551064569503068924e-02
-2.375594377517700195e-01
-1.047846749424934387e-01
5.315521266311407089e-03
5.486508086323738098e-02
8.738902956247329712e-02
9.647405892610549927e-02
-9.500256925821304321e-02
1.108356937766075134e-01
2.592133171856403351e-02
-4.235038906335830688e-02
2.522852271795272827e-02
