1.938900947570800781e-01
1.066868603229522705e-01
-9.760586917400360107e-02
1.524332016706466675e-01
-6.850288063287734985e-02
-1.753452420234680176e-01
3.980443626642227173e-02
-1.760852783918380737e-01
-2.786903642117977142e-04
3.575714677572250366e-02
-4.843146353960037231e-02
8.151381625793874264e-04
1.098532825708389282e-01
-1.260105967521667480e-01
-6.778816692531108856e-03
2.209277451038360596e-01
1.722632907330989838e-02
-2.622336149215698242e-02
1.990386247634887695e-01
-1.402984559535980225e-01
-5.126503854990005493e-02
-4.609314352273941040e-02
1.702632056549191475e-03
1.113721653819084167e-01
-9.886723011732101440e-02
4.222752992063760757e-03
-2.031384035944938660e-03
-1.128655225038528442e-01
7.465242873877286911e-03
-5.241742357611656189e-03
-4.503247141838073730e-02
5.133504420518875122e-02
-2.984683588147163391e-02
1.517832577228546143e-01
-9.359531104564666748e-02
5.200238525867462158e-02
-3.314552828669548035e-02
1.027850806713104248e-02
-3.212822834029793739e-03
-1.268632058054208755e-02
-1.287018321454524994e-02
-4.171342030167579651e-02
-5.504551529884338379e-02
1.059888601303100586e-01
2.083203047513961792e-01
3.902472555637359619e-02
1.034566015005111694e-01
-7.023364305496215820e-04
-3.643865697085857391e-03
2.914129942655563354e-02
1.439960002899169922e-01
1.154377460479736328e-01
-7.503521442413330078e-02
-3.389858826994895935e-02
-3.786870837211608887e-02
-2.945078304037451744e-03
1.150795668363571167e-01
6.357396394014358521e-02
6.866038590669631958e-02
5.371486768126487732e-02
8.675582706928253174e-03
-9.148728102445602417e-02
-5.936496704816818237e-02
1.454135682433843613e-02
