-3.066219761967658997e-02
-1.243460327386856079e-01
3.586682491004467010e-03
-6.013801321387290955e-02
-4.557051509618759155e-02
-1.236590892076492310e-01
2.309345267713069916e-02
7.438131421804428101e-02
5.795699357986450195e-02
-5.107965320348739624e-02
-5.337969213724136353e-02
-1.778818368911743164e-01
-2.045266889035701752e-02
-2.156484685838222504e-02
1.914083212614059448e-02
6.282762158662080765e-03
-1.596491597592830658e-02
2.967547811567783356e-02
-1.976649835705757141e-02
-5.673538893461227417e-02
6.796227395534515381e-02
-7.453095167875289917e-02
1.339161954820156097e-02
-4.854255355894565582e-03
-5.956090986728668213e-02
4.669788852334022522e-02
2.046981081366539001e-02
-6.946757435798645020e-02
7.606396079063415527e-02
6.575318425893783569e-02
4.658215492963790894e-02
5.452634394168853760e-02
-3.387939184904098511e-02
6.218637339770793915e-03
-1.266722008585929871e-02
1.938958466053009033e-02
-1.897421851754188538e-02
8.079671859741210938e-02
-8.945645764470100403e-03
1.684469729661941528e-02
3.922873362898826599e-02
4.181647673249244690e-04
3.527081757783889771e-02
2.077465057373046875e-01
-4.042198881506919861e-03
2.215308323502540588e-02
-7.566840201616287231e-02
-3.171739354729652405e-02
1.201438978314399719e-01
-1.014996320009231567e-03
-2.516421303153038025e-02
-1.614972716197371483e-03
3.067945875227451324e-02
-1.801829040050506592e-02
3.291173279285430908e-02
-2.421250194311141968e-02
-2.451247349381446838e-02
2.649267204105854034e-02
-2.550507336854934692e-02
1.356119196861982346e-02
-1.212874054908752441e-02
-1.229457557201385498e-02
-2.504043281078338623e-03
4.415295273065567017e-02
